H_009_00004.JPG -0.325714 0.665469 -0.671611 107.071472 -0.945465 -0.227259 0.233345 -54.527943 0.002654 0.710988 0.703199 76.392937 0.000000 0.000000 0.000000 1.000000
H_009_00005.JPG -0.324114 0.665054 -0.672795 102.829529 -0.946014 -0.225858 0.232476 -49.883804 0.002653 0.711822 0.702355 76.370384 0.000000 0.000000 0.000000 1.000000
H_009_00006.JPG -0.323312 0.664127 -0.674095 98.121803 -0.946290 -0.225138 0.232054 -44.671444 0.002349 0.712915 0.701247 76.349449 0.000000 0.000000 0.000000 1.000000
H_009_00007.JPG -0.326405 0.663142 -0.673574 93.110748 -0.945229 -0.228154 0.233425 -39.141571 0.001115 0.712873 0.701292 76.353767 0.000000 0.000000 0.000000 1.000000
H_009_00008.JPG -0.595014 0.568256 -0.568369 93.287193 -0.803713 -0.418974 0.422501 -37.890312 0.001957 0.708200 0.706010 76.286034 0.000000 0.000000 0.000000 1.000000
H_009_00009.JPG -0.293777 0.672751 -0.679044 92.268196 -0.955871 -0.204990 0.210452 -36.235096 0.002385 0.710905 0.703284 76.306900 0.000000 0.000000 0.000000 1.000000
H_009_00010.JPG -0.313535 0.666572 -0.676297 89.043633 -0.949573 -0.218073 0.225289 -32.565273 0.002689 0.712830 0.701332 76.311966 0.000000 0.000000 0.000000 1.000000
H_009_00011.JPG -0.321098 0.660770 -0.678439 84.136459 -0.947033 -0.220337 0.233622 -27.487099 0.004886 0.717520 0.696521 76.262352 0.000000 0.000000 0.000000 1.000000
H_009_00012.JPG -0.322076 0.661416 -0.677344 78.678459 -0.946711 -0.223356 0.232056 -21.970100 0.002197 0.715989 0.698108 76.256432 0.000000 0.000000 0.000000 1.000000
H_009_00013.JPG -0.329202 0.661454 -0.673873 73.623764 -0.944259 -0.229853 0.235675 -16.625866 0.000996 0.713895 0.700252 76.285393 0.000000 0.000000 0.000000 1.000000
H_009_00014.JPG -0.338141 0.660088 -0.670779 69.029419 -0.941095 -0.236988 0.241197 -11.476004 0.000245 0.712825 0.701342 76.337051 0.000000 0.000000 0.000000 1.000000
H_009_00015.JPG -0.329965 0.661985 -0.672978 64.214409 -0.943993 -0.231461 0.235166 -6.075590 -0.000092 0.712883 0.701283 76.341202 0.000000 0.000000 0.000000 1.000000
H_009_00016.JPG -0.327015 0.662680 -0.673733 59.354172 -0.945018 -0.230273 0.232196 -0.731600 -0.001271 0.712622 0.701548 76.330345 0.000000 0.000000 0.000000 1.000000
H_009_00017.JPG -0.322040 0.664901 -0.673942 54.542606 -0.946723 -0.227896 0.227549 4.536564 -0.002291 0.711316 0.702869 76.365799 0.000000 0.000000 0.000000 1.000000
H_009_00018.JPG -0.329098 0.663020 -0.672383 49.978497 -0.944295 -0.232206 0.233212 9.657718 -0.001507 0.711677 0.702505 76.374100 0.000000 0.000000 0.000000 1.000000
H_009_00019.JPG -0.319699 0.664234 -0.675712 44.795616 -0.947513 -0.226711 0.225436 14.643972 -0.003449 0.712317 0.701849 76.303940 0.000000 0.000000 0.000000 1.000000
H_009_00020.JPG -0.324540 0.664302 -0.673332 39.834751 -0.945869 -0.229840 0.229142 19.770027 -0.002539 0.711249 0.702935 76.301147 0.000000 0.000000 0.000000 1.000000
H_009_00021.JPG -0.328823 0.663716 -0.671830 35.127750 -0.944390 -0.232186 0.232845 25.130262 -0.001447 0.711035 0.703155 76.329086 0.000000 0.000000 0.000000 1.000000
H_009_00022.JPG -0.330492 0.662555 -0.672157 30.535973 -0.943804 -0.234195 0.233208 30.505432 -0.002903 0.711458 0.702722 76.318779 0.000000 0.000000 0.000000 1.000000
H_009_00023.JPG -0.327170 0.663271 -0.673076 25.908401 -0.944962 -0.231592 0.231111 36.023392 -0.002589 0.711644 0.702536 76.383141 0.000000 0.000000 0.000000 1.000000
H_009_00024.JPG -0.338059 0.659594 -0.671306 20.929514 -0.941113 -0.240443 0.237682 41.552696 -0.004637 0.712126 0.702037 76.373741 0.000000 0.000000 0.000000 1.000000
H_009_00025.JPG -0.324932 0.662400 -0.675016 16.220936 -0.945722 -0.231633 0.227938 46.446110 -0.005370 0.712441 0.701711 76.315071 0.000000 0.000000 0.000000 1.000000
H_009_00026.JPG -0.327307 0.663085 -0.673193 11.272519 -0.944905 -0.233432 0.229487 51.700756 -0.004975 0.711216 0.702956 76.347099 0.000000 0.000000 0.000000 1.000000
H_009_00027.JPG -0.326735 0.663430 -0.673131 6.398369 -0.945105 -0.232710 0.229394 57.054581 -0.004458 0.711131 0.703046 76.351044 0.000000 0.000000 0.000000 1.000000
H_009_00028.JPG -0.326919 0.664030 -0.672450 1.746822 -0.945043 -0.232966 0.229393 62.280853 -0.004334 0.710486 0.703698 76.390236 0.000000 0.000000 0.000000 1.000000
H_009_00029.JPG -0.329752 0.663329 -0.671757 -3.019004 -0.944051 -0.235888 0.230487 67.677094 -0.005571 0.710177 0.704001 76.390335 0.000000 0.000000 0.000000 1.000000
H_009_00030.JPG -0.329386 0.662939 -0.672322 -7.835486 -0.944182 -0.235061 0.230796 73.018036 -0.005033 0.710815 0.703361 76.354752 0.000000 0.000000 0.000000 1.000000
H_009_00031.JPG -0.325012 0.663741 -0.673658 -12.578485 -0.945692 -0.232457 0.227223 78.179916 -0.005779 0.710923 0.703246 76.337990 0.000000 0.000000 0.000000 1.000000
H_009_00032.JPG -0.336421 0.661694 -0.670061 -17.348085 -0.941695 -0.240637 0.235169 83.739708 -0.005631 0.710109 0.704069 76.382462 0.000000 0.000000 0.000000 1.000000
H_009_00033.JPG -0.349117 0.658184 -0.667017 -22.044468 -0.937066 -0.249014 0.244744 89.404182 -0.005010 0.710483 0.703696 76.430099 0.000000 0.000000 0.000000 1.000000
H_009_00034.JPG -0.327366 0.665018 -0.671255 -26.538671 -0.944871 -0.235677 0.227320 94.722847 -0.007028 0.708666 0.705509 76.368729 0.000000 0.000000 0.000000 1.000000
H_009_00035.JPG -0.326762 0.663037 -0.673504 -31.384382 -0.945072 -0.235343 0.226832 100.030807 -0.008107 0.710630 0.703519 76.360535 0.000000 0.000000 0.000000 1.000000
H_009_00036.JPG -0.327315 0.664554 -0.671738 -36.366230 -0.944884 -0.235936 0.226997 105.224693 -0.007636 0.709014 0.705153 76.334450 0.000000 0.000000 0.000000 1.000000
H_009_00037.JPG -0.323528 0.665228 -0.672905 -41.151909 -0.946185 -0.233397 0.224186 110.478333 -0.007919 0.709224 0.704939 76.367744 0.000000 0.000000 0.000000 1.000000
H_009_00038.JPG -0.319753 0.664937 -0.674994 -45.983234 -0.947475 -0.229685 0.222567 115.779602 -0.007043 0.710706 0.703454 76.314743 0.000000 0.000000 0.000000 1.000000
H_009_00039.JPG -0.333167 0.662826 -0.670568 -50.554688 -0.942834 -0.240228 0.230987 120.778419 -0.007985 0.709192 0.704971 76.368179 0.000000 0.000000 0.000000 1.000000
H_009_00040.JPG -0.247553 0.681714 -0.688465 -54.127476 -0.968801 -0.182927 0.167221 124.109596 -0.011942 0.708381 0.705729 76.380821 0.000000 0.000000 0.000000 1.000000
H_009_00041.JPG 0.901904 0.309299 -0.301502 -61.551704 -0.431785 0.627081 -0.648330 120.352898 -0.011461 0.714915 0.699117 76.156883 0.000000 0.000000 0.000000 1.000000
H_009_00042.JPG 0.924982 0.277917 -0.259175 -65.084305 -0.379615 0.644616 -0.663598 116.664215 -0.017357 0.712202 0.701760 76.185623 0.000000 0.000000 0.000000 1.000000
H_009_00043.JPG 0.929585 -0.246668 0.273909 -65.362762 0.368385 0.647479 -0.667131 112.294296 -0.012791 0.721059 0.692756 76.220100 0.000000 0.000000 0.000000 1.000000
H_009_00044.JPG 0.364392 -0.642693 0.673917 -61.739410 0.931236 0.254864 -0.260470 108.442322 -0.004355 0.722489 0.691369 76.275063 0.000000 0.000000 0.000000 1.000000
H_009_00045.JPG 0.319328 -0.652688 0.687043 -57.037437 0.947644 0.220474 -0.231003 104.347298 -0.000702 0.724838 0.688919 76.334862 0.000000 0.000000 0.000000 1.000000
H_009_00046.JPG 0.296329 -0.661351 0.689060 -51.439301 0.955085 0.206343 -0.212688 99.219482 -0.001521 0.721136 0.692792 76.322365 0.000000 0.000000 0.000000 1.000000
H_009_00047.JPG 0.331896 -0.655606 0.678252 -46.185211 0.943315 0.231839 -0.237505 93.763367 -0.001536 0.718632 0.695389 76.364868 0.000000 0.000000 0.000000 1.000000
H_009_00048.JPG 0.342952 -0.655655 0.672682 -41.248352 0.939343 0.242705 -0.242342 88.376381 -0.004371 0.714990 0.699121 76.342651 0.000000 0.000000 0.000000 1.000000
H_009_00049.JPG 0.284700 -0.669948 0.685650 -36.522545 0.958596 0.203657 -0.199042 83.272797 -0.006290 0.713928 0.700190 76.306679 0.000000 0.000000 0.000000 1.000000
H_009_00050.JPG 0.323236 -0.661994 0.676226 -31.913937 0.946296 0.231063 -0.226129 78.206093 -0.006555 0.713003 0.701130 76.318069 0.000000 0.000000 0.000000 1.000000
H_009_00051.JPG 0.326466 -0.661970 0.674697 -27.159967 0.945189 0.233326 -0.228424 73.182884 -0.006215 0.712289 0.701859 76.343742 0.000000 0.000000 0.000000 1.000000
H_009_00052.JPG 0.338419 -0.658124 0.672566 -22.227297 0.940963 0.242624 -0.236056 67.800430 -0.007827 0.712745 0.701379 76.341827 0.000000 0.000000 0.000000 1.000000
H_009_00053.JPG 0.335835 -0.661388 0.670658 -17.303291 0.941887 0.241893 -0.233104 62.555393 -0.008056 0.709968 0.704188 76.313629 0.000000 0.000000 0.000000 1.000000
H_009_00054.JPG 0.298972 -0.670375 0.679126 -12.607553 0.954222 0.216532 -0.206336 57.607914 -0.008730 0.709726 0.704424 76.323997 0.000000 0.000000 0.000000 1.000000
H_009_00055.JPG 0.338845 -0.660892 0.669631 -7.689290 0.940807 0.244116 -0.235136 52.154385 -0.008068 0.709668 0.704490 76.341774 0.000000 0.000000 0.000000 1.000000
H_009_00056.JPG 0.341070 -0.662432 0.666974 -2.964563 0.940007 0.246130 -0.236236 46.718166 -0.007672 0.707533 0.706638 76.358017 0.000000 0.000000 0.000000 1.000000
H_009_00057.JPG 0.327289 -0.664710 0.671597 1.566221 0.944885 0.236679 -0.226220 41.559368 -0.008582 0.708621 0.705537 76.371460 0.000000 0.000000 0.000000 1.000000
H_009_00058.JPG 0.340792 -0.661363 0.668176 6.486380 0.940112 0.245122 -0.236867 35.991898 -0.007130 0.708883 0.705290 76.356804 0.000000 0.000000 0.000000 1.000000
H_009_00059.JPG 0.335932 -0.662931 0.669083 11.334791 0.941844 0.243159 -0.231956 30.378580 -0.008923 0.708093 0.706063 76.372086 0.000000 0.000000 0.000000 1.000000
H_009_00060.JPG 0.337998 -0.663376 0.667600 16.136641 0.941099 0.245409 -0.232611 25.104355 -0.009527 0.706900 0.707250 76.383476 0.000000 0.000000 0.000000 1.000000
H_009_00061.JPG 0.335301 -0.663995 0.668344 21.014227 0.942069 0.243029 -0.231178 19.759399 -0.008926 0.707140 0.707017 76.354019 0.000000 0.000000 0.000000 1.000000
H_009_00062.JPG 0.332691 -0.665131 0.668519 26.372051 0.942986 0.241931 -0.228576 13.809020 -0.009703 0.706449 0.707697 76.346184 0.000000 0.000000 0.000000 1.000000
H_009_00063.JPG 0.327893 -0.666004 0.670019 30.492022 0.944662 0.238660 -0.225067 9.318533 -0.010011 0.706739 0.707403 76.319199 0.000000 0.000000 0.000000 1.000000
H_009_00064.JPG 0.329503 -0.665720 0.669511 34.999439 0.944106 0.239529 -0.226473 4.394539 -0.009600 0.706713 0.707435 76.334160 0.000000 0.000000 0.000000 1.000000
H_009_00065.JPG 0.334694 -0.664891 0.667758 39.845974 0.942280 0.243239 -0.230096 -1.022792 -0.009436 0.706226 0.707923 76.322456 0.000000 0.000000 0.000000 1.000000
H_009_00066.JPG 0.335421 -0.664623 0.667659 44.503609 0.942018 0.243937 -0.230428 -6.185964 -0.009719 0.706237 0.707909 76.321526 0.000000 0.000000 0.000000 1.000000
H_009_00067.JPG 0.333559 -0.665281 0.667937 49.388821 0.942683 0.242403 -0.229325 -11.562835 -0.009345 0.706146 0.708005 76.326332 0.000000 0.000000 0.000000 1.000000
H_009_00068.JPG 0.328185 -0.666471 0.669411 54.346375 0.944564 0.238791 -0.225339 -16.999514 -0.009667 0.706254 0.707892 76.308174 0.000000 0.000000 0.000000 1.000000
H_009_00069.JPG 0.333342 -0.666032 0.667296 59.014656 0.942758 0.242619 -0.228786 -22.082418 -0.009520 0.705363 0.708783 76.301521 0.000000 0.000000 0.000000 1.000000
H_009_00070.JPG 0.333276 -0.666217 0.667145 63.879597 0.942787 0.242195 -0.229117 -27.393005 -0.008938 0.705335 0.708818 76.304459 0.000000 0.000000 0.000000 1.000000
H_009_00071.JPG 0.327829 -0.667608 0.668452 68.797073 0.944701 0.237861 -0.225750 -32.775608 -0.008286 0.705494 0.708667 76.314354 0.000000 0.000000 0.000000 1.000000
H_009_00072.JPG 0.326923 -0.667483 0.669020 73.971573 0.945017 0.236913 -0.225423 -38.396584 -0.008034 0.705931 0.708235 76.316666 0.000000 0.000000 0.000000 1.000000
H_009_00073.JPG 0.322757 -0.669075 0.669452 78.788498 0.946437 0.235047 -0.221383 -43.536316 -0.009230 0.705047 0.709100 76.288727 0.000000 0.000000 0.000000 1.000000
H_009_00074.JPG 0.333813 -0.667037 0.666056 83.340569 0.942604 0.242344 -0.229712 -48.274353 -0.008188 0.704508 0.709649 76.303307 0.000000 0.000000 0.000000 1.000000
H_009_00075.JPG 0.315650 -0.671751 0.670161 88.200081 0.948848 0.228881 -0.217489 -53.514999 -0.007288 0.704532 0.709635 76.319191 0.000000 0.000000 0.000000 1.000000
H_009_00076.JPG 0.325193 -0.669555 0.667791 92.902412 0.945628 0.234863 -0.225006 -58.879036 -0.006186 0.704652 0.709526 76.343132 0.000000 0.000000 0.000000 1.000000
H_009_00077.JPG 0.332654 -0.667754 0.665917 97.458473 0.943034 0.239477 -0.230948 -64.131157 -0.005255 0.704808 0.709378 76.361679 0.000000 0.000000 0.000000 1.000000
H_009_00078.JPG 0.331543 -0.668056 0.666168 102.396477 0.943419 0.239488 -0.229361 -69.745468 -0.006313 0.704518 0.709658 76.378174 0.000000 0.000000 0.000000 1.000000
H_009_00079.JPG 0.397187 -0.655096 0.642722 105.619667 0.917717 0.288214 -0.273364 -73.839401 -0.006161 0.698414 0.715668 76.354019 0.000000 0.000000 0.000000 1.000000
H_009_00080.JPG 0.850691 -0.378651 0.364621 105.403564 0.525656 0.608296 -0.594695 -78.227234 0.003385 0.697567 0.716512 76.479866 0.000000 0.000000 0.000000 1.000000
H_009_00081.JPG 0.999792 -0.020169 0.003109 102.976036 0.016611 0.715784 -0.698124 -82.041344 0.011855 0.698030 0.715970 76.514740 0.000000 0.000000 0.000000 1.000000
H_009_00082.JPG 0.997651 0.040510 -0.055238 100.296829 -0.067578 0.713910 -0.696969 -85.722092 0.011201 0.699065 0.714971 76.479263 0.000000 0.000000 0.000000 1.000000
H_009_00083.JPG 0.785264 0.429273 -0.446190 96.847176 -0.618867 0.566385 -0.544254 -87.598763 0.019081 0.703515 0.710424 76.488930 0.000000 0.000000 0.000000 1.000000
H_009_00084.JPG -0.286244 0.673129 -0.681881 92.975983 -0.957932 -0.185638 0.218871 -84.451210 0.020745 0.715847 0.697949 76.427582 0.000000 0.000000 0.000000 1.000000
H_009_00085.JPG -0.343025 0.658526 -0.669833 89.899811 -0.939136 -0.226073 0.258680 -80.825111 0.018916 0.717798 0.695994 76.394875 0.000000 0.000000 0.000000 1.000000
H_009_00086.JPG -0.337159 0.657605 -0.673706 85.718185 -0.941277 -0.221818 0.254548 -76.498856 0.017952 0.719967 0.693776 76.399910 0.000000 0.000000 0.000000 1.000000
H_009_00087.JPG -0.347587 0.653942 -0.671970 81.034035 -0.937488 -0.229133 0.261944 -71.757477 0.017326 0.721012 0.692706 76.386024 0.000000 0.000000 0.000000 1.000000
H_009_00088.JPG -0.327759 0.659863 -0.676133 75.802795 -0.944628 -0.216855 0.246276 -66.548248 0.015886 0.719413 0.694401 76.336853 0.000000 0.000000 0.000000 1.000000
H_009_00089.JPG -0.342701 0.659275 -0.669262 70.780975 -0.939345 -0.230089 0.254344 -61.124153 0.013693 0.715832 0.698139 76.377602 0.000000 0.000000 0.000000 1.000000
H_009_00090.JPG -0.346139 0.659014 -0.667749 65.985161 -0.938123 -0.235093 0.254275 -55.815235 0.010588 0.714445 0.699611 76.359459 0.000000 0.000000 0.000000 1.000000
H_009_00091.JPG -0.316232 0.666666 -0.674947 60.598179 -0.948652 -0.216586 0.230542 -50.073547 0.007511 0.713195 0.700925 76.260582 0.000000 0.000000 0.000000 1.000000
H_009_00092.JPG -0.314613 0.667792 -0.674591 56.265209 -0.949201 -0.216791 0.228078 -45.412937 0.006063 0.712079 0.702074 76.287186 0.000000 0.000000 0.000000 1.000000
H_009_00093.JPG -0.323430 0.666305 -0.671886 51.301373 -0.946239 -0.224033 0.233324 -40.078362 0.004940 0.711229 0.702943 76.300056 0.000000 0.000000 0.000000 1.000000
H_009_00094.JPG -0.324215 0.666937 -0.670880 46.302380 -0.945977 -0.225968 0.232520 -34.781425 0.003479 0.710023 0.704170 76.287086 0.000000 0.000000 0.000000 1.000000
H_009_00095.JPG -0.331476 0.665760 -0.668496 41.450111 -0.943461 -0.232149 0.236619 -29.393728 0.002341 0.709134 0.705070 76.295570 0.000000 0.000000 0.000000 1.000000
H_009_00096.JPG -0.329146 0.666014 -0.669394 36.789883 -0.944278 -0.231249 0.234227 -24.183298 0.001202 0.709189 0.705017 76.288559 0.000000 0.000000 0.000000 1.000000
H_009_00097.JPG -0.337794 0.665651 -0.665435 31.841877 -0.941220 -0.238489 0.239223 -18.607077 0.000540 0.707129 0.707084 76.305962 0.000000 0.000000 0.000000 1.000000
H_009_00098.JPG -0.337245 0.665869 -0.665496 27.475203 -0.941416 -0.239373 0.237562 -13.682137 -0.001117 0.706625 0.707587 76.323715 0.000000 0.000000 0.000000 1.000000
H_009_00099.JPG -0.332376 0.666743 -0.667069 22.651226 -0.943145 -0.236383 0.233667 -8.290373 -0.001888 0.706808 0.707403 76.296341 0.000000 0.000000 0.000000 1.000000
H_009_00100.JPG -0.335092 0.666087 -0.666364 17.767744 -0.942181 -0.239027 0.234864 -2.859631 -0.002839 0.706537 0.707671 76.290497 0.000000 0.000000 0.000000 1.000000
H_009_00101.JPG -0.333471 0.667056 -0.666208 12.862706 -0.942752 -0.238982 0.232609 2.473213 -0.004048 0.705637 0.708562 76.284088 0.000000 0.000000 0.000000 1.000000
H_009_00102.JPG -0.334932 0.666736 -0.665796 8.382849 -0.942233 -0.240162 0.233494 7.454725 -0.004220 0.705539 0.708658 76.286888 0.000000 0.000000 0.000000 1.000000
H_009_00103.JPG -0.336149 0.667270 -0.664646 3.651400 -0.941793 -0.242244 0.233117 12.858424 -0.005455 0.704321 0.709861 76.309341 0.000000 0.000000 0.000000 1.000000
H_009_00104.JPG -0.333310 0.667615 -0.665729 -1.022110 -0.942798 -0.240474 0.230876 18.014120 -0.005954 0.704601 0.709578 76.283264 0.000000 0.000000 0.000000 1.000000
H_009_00105.JPG -0.334143 0.667634 -0.665291 -5.921347 -0.942505 -0.240903 0.231623 23.395872 -0.005631 0.704436 0.709745 76.276215 0.000000 0.000000 0.000000 1.000000
H_009_00106.JPG -0.334273 0.668266 -0.664592 -10.791378 -0.942460 -0.241186 0.231515 28.742113 -0.005577 0.703740 0.710435 76.284744 0.000000 0.000000 0.000000 1.000000
H_009_00107.JPG -0.335654 0.667120 -0.665047 -15.681968 -0.941968 -0.242027 0.232637 34.234264 -0.005762 0.704538 0.709643 76.284081 0.000000 0.000000 0.000000 1.000000
H_009_00108.JPG -0.328988 0.669310 -0.666177 -20.538559 -0.944310 -0.238200 0.227021 39.637062 -0.006736 0.703765 0.710401 76.322548 0.000000 0.000000 0.000000 1.000000
H_009_00109.JPG -0.329907 0.669061 -0.665971 -25.424984 -0.943993 -0.238453 0.228074 44.933411 -0.006208 0.703915 0.710257 76.276711 0.000000 0.000000 0.000000 1.000000
H_009_00110.JPG -0.335673 0.667598 -0.664557 -29.907782 -0.941958 -0.242607 0.232073 49.972862 -0.006295 0.703885 0.710286 76.276344 0.000000 0.000000 0.000000 1.000000
H_009_00111.JPG -0.341102 0.666605 -0.662788 -34.356571 -0.940000 -0.247212 0.235132 55.276424 -0.007110 0.703224 0.710933 76.315804 0.000000 0.000000 0.000000 1.000000
H_009_00112.JPG -0.359121 0.660794 -0.659078 -39.060242 -0.933256 -0.260323 0.247516 60.695004 -0.008016 0.703977 0.710178 76.332893 0.000000 0.000000 0.000000 1.000000
H_009_00113.JPG -0.328769 0.668247 -0.667350 -43.842968 -0.944372 -0.238962 0.225960 66.081863 -0.008474 0.704516 0.709638 76.281349 0.000000 0.000000 0.000000 1.000000
H_009_00114.JPG -0.322607 0.669680 -0.668920 -48.922760 -0.946491 -0.234904 0.221303 71.782288 -0.008929 0.704521 0.709627 76.260948 0.000000 0.000000 0.000000 1.000000
H_009_00115.JPG -0.326942 0.668291 -0.668204 -53.704739 -0.944998 -0.238173 0.224169 76.933418 -0.009338 0.704742 0.709403 76.273186 0.000000 0.000000 0.000000 1.000000
H_009_00116.JPG -0.336553 0.666150 -0.665565 -58.309048 -0.941625 -0.244573 0.231360 81.841972 -0.008659 0.704577 0.709575 76.289078 0.000000 0.000000 0.000000 1.000000
H_009_00117.JPG -0.338507 0.666050 -0.664673 -63.312992 -0.940933 -0.245359 0.233334 87.335373 -0.007671 0.704398 0.709764 76.285721 0.000000 0.000000 0.000000 1.000000
H_009_00118.JPG -0.319621 0.670097 -0.669935 -68.068436 -0.947501 -0.232827 0.219163 92.659111 -0.009118 0.704813 0.709334 76.249924 0.000000 0.000000 0.000000 1.000000
H_009_00119.JPG -0.319995 0.670222 -0.669631 -72.977852 -0.947361 -0.234164 0.218343 98.010468 -0.010465 0.704251 0.709874 76.264900 0.000000 0.000000 0.000000 1.000000
H_009_00120.JPG -0.331924 0.669037 -0.664993 -77.557007 -0.943244 -0.243513 0.225816 103.024063 -0.010855 0.702204 0.711893 76.296753 0.000000 0.000000 0.000000 1.000000
H_009_00121.JPG -0.029967 0.709265 -0.704305 -81.264320 -0.999384 -0.034123 0.008159 105.115547 -0.018246 0.704116 0.709851 76.264542 0.000000 0.000000 0.000000 1.000000
H_009_00122.JPG 0.902417 0.314887 -0.294092 -87.409599 -0.430283 0.623178 -0.653074 101.184090 -0.022373 0.715887 0.697857 76.177940 0.000000 0.000000 0.000000 1.000000
H_009_00123.JPG 0.918703 0.295096 -0.262493 -91.040848 -0.393876 0.635626 -0.663958 97.425339 -0.029084 0.713371 0.700183 76.196114 0.000000 0.000000 0.000000 1.000000
H_009_00124.JPG 0.956787 -0.185657 0.223810 -91.582626 0.290095 0.662642 -0.690471 93.361328 -0.020115 0.725560 0.687865 76.235313 0.000000 0.000000 0.000000 1.000000
H_009_00125.JPG 0.371040 -0.634382 0.678151 -87.902267 0.928609 0.256474 -0.268153 89.389130 -0.003817 0.729232 0.684256 76.240463 0.000000 0.000000 0.000000 1.000000
H_009_00126.JPG 0.309792 -0.650126 0.693805 -82.871597 0.950802 0.213463 -0.224519 84.879196 -0.002136 0.729225 0.684270 76.275719 0.000000 0.000000 0.000000 1.000000
H_009_00127.JPG 0.323417 -0.651075 0.686661 -77.708939 0.946248 0.225694 -0.231685 79.705566 -0.004131 0.724682 0.689071 76.331375 0.000000 0.000000 0.000000 1.000000
H_009_00128.JPG 0.325572 -0.654800 0.682085 -72.629204 0.945511 0.228079 -0.232354 74.312485 -0.003424 0.720567 0.693376 76.259903 0.000000 0.000000 0.000000 1.000000
H_009_00129.JPG 0.326676 -0.657062 0.679377 -67.679359 0.945121 0.231273 -0.230781 68.912460 -0.005484 0.717484 0.696554 76.267647 0.000000 0.000000 0.000000 1.000000
H_009_00130.JPG 0.321658 -0.660397 0.678537 -62.974968 0.946837 0.228926 -0.226038 63.756969 -0.006060 0.715170 0.698924 76.296852 0.000000 0.000000 0.000000 1.000000
H_009_00131.JPG 0.331685 -0.659575 0.674497 -58.151348 0.943358 0.237854 -0.231305 58.257366 -0.007869 0.713012 0.701107 76.350410 0.000000 0.000000 0.000000 1.000000
H_009_00132.JPG 0.341385 -0.658928 0.670276 -53.433407 0.939882 0.246052 -0.236814 52.663956 -0.008879 0.710825 0.703313 76.268982 0.000000 0.000000 0.000000 1.000000
H_009_00133.JPG 0.340704 -0.659155 0.670399 -48.731300 0.940114 0.246643 -0.235270 47.597706 -0.010269 0.710410 0.703713 76.265099 0.000000 0.000000 0.000000 1.000000
H_009_00134.JPG 0.335400 -0.661354 0.670909 -44.155128 0.942025 0.242851 -0.231544 42.717663 -0.009798 0.709672 0.704464 76.281494 0.000000 0.000000 0.000000 1.000000
H_009_00135.JPG 0.340828 -0.661431 0.668091 -39.128239 0.940078 0.246917 -0.235128 37.269234 -0.009442 0.708196 0.705953 76.209396 0.000000 0.000000 0.000000 1.000000
H_009_00136.JPG 0.330114 -0.666306 0.668626 -34.260227 0.943889 0.240410 -0.226442 31.812445 -0.009865 0.705861 0.708282 76.259605 0.000000 0.000000 0.000000 1.000000
H_009_00137.JPG 0.334301 -0.665993 0.666856 -29.570133 0.942415 0.243617 -0.229139 26.470802 -0.009852 0.705056 0.709083 76.284088 0.000000 0.000000 0.000000 1.000000
H_009_00138.JPG 0.480794 -0.619073 0.620956 -24.836878 0.876757 0.348816 -0.331096 21.414980 -0.011627 0.703616 0.710485 76.314728 0.000000 0.000000 0.000000 1.000000
H_009_00139.JPG 0.732652 -0.480686 0.481832 -19.769098 0.680554 0.525945 -0.510126 16.079943 -0.008207 0.701657 0.712468 76.291267 0.000000 0.000000 0.000000 1.000000
H_009_00140.JPG 0.734891 -0.478807 0.480290 -15.112261 0.678141 0.526847 -0.512403 10.931292 -0.007698 0.702265 0.711874 76.304520 0.000000 0.000000 0.000000 1.000000
H_009_00141.JPG 0.738029 -0.475602 0.478661 -10.389297 0.674716 0.529071 -0.514628 5.705511 -0.008488 0.702771 0.711366 76.269272 0.000000 0.000000 0.000000 1.000000
H_009_00142.JPG 0.735470 -0.477810 0.480397 -5.423949 0.677496 0.528203 -0.511861 0.298177 -0.009175 0.701925 0.712192 76.277016 0.000000 0.000000 0.000000 1.000000
H_009_00143.JPG 0.732621 -0.480363 0.482201 -0.499992 0.680577 0.526381 -0.509646 -5.011574 -0.009006 0.701552 0.712561 76.267159 0.000000 0.000000 0.000000 1.000000
H_009_00144.JPG 0.736088 -0.478137 0.479123 4.136584 0.676830 0.528952 -0.511967 -10.114019 -0.008643 0.701138 0.712973 76.271019 0.000000 0.000000 0.000000 1.000000
H_009_00145.JPG 0.729952 -0.482474 0.484137 9.035192 0.683435 0.524804 -0.507442 -15.421962 -0.009250 0.701285 0.712821 76.301140 0.000000 0.000000 0.000000 1.000000
H_009_00146.JPG 0.729708 -0.482458 0.484520 14.017582 0.683708 0.523441 -0.508481 -20.729198 -0.008297 0.702313 0.711820 76.284775 0.000000 0.000000 0.000000 1.000000
H_009_00147.JPG 0.735752 -0.478575 0.479203 18.702278 0.677216 0.527155 -0.513310 -26.065962 -0.006957 0.702192 0.711954 76.278198 0.000000 0.000000 0.000000 1.000000
H_009_00148.JPG 0.731568 -0.481247 0.482917 23.529659 0.681713 0.525340 -0.509200 -31.574995 -0.008645 0.701726 0.712395 76.304611 0.000000 0.000000 0.000000 1.000000
H_009_00149.JPG 0.729915 -0.482210 0.484456 28.502432 0.683469 0.524962 -0.507233 -36.787861 -0.009728 0.701347 0.712754 76.303032 0.000000 0.000000 0.000000 1.000000
H_009_00150.JPG 0.733405 -0.480345 0.481025 33.348148 0.679749 0.526147 -0.510990 -42.039497 -0.007639 0.701739 0.712393 76.286736 0.000000 0.000000 0.000000 1.000000
H_009_00151.JPG 0.722091 -0.488442 0.489907 37.918400 0.691745 0.518524 -0.502614 -47.200047 -0.008531 0.701824 0.712299 76.318481 0.000000 0.000000 0.000000 1.000000
H_009_00152.JPG 0.727089 -0.485516 0.485404 42.598824 0.686509 0.521240 -0.506965 -52.366196 -0.006873 0.701843 0.712299 76.342377 0.000000 0.000000 0.000000 1.000000
H_009_00153.JPG 0.725761 -0.486191 0.486713 47.378944 0.687909 0.520351 -0.505981 -57.710323 -0.007258 0.702035 0.712105 76.368149 0.000000 0.000000 0.000000 1.000000
H_009_00154.JPG 0.732546 -0.481486 0.481193 52.002563 0.680690 0.524414 -0.511518 -63.000904 -0.006055 0.702255 0.711900 76.305939 0.000000 0.000000 0.000000 1.000000
H_009_00155.JPG 0.740485 -0.474533 0.475920 56.757385 0.672033 0.530486 -0.516678 -68.449219 -0.007288 0.702427 0.711719 76.284370 0.000000 0.000000 0.000000 1.000000
H_009_00156.JPG 0.732625 -0.479606 0.482948 61.840130 0.680578 0.525207 -0.510854 -74.016472 -0.008638 0.702948 0.711189 76.280800 0.000000 0.000000 0.000000 1.000000
H_009_00157.JPG 0.737300 -0.476603 0.478789 66.551422 0.675533 0.527099 -0.515579 -79.191620 -0.006643 0.703574 0.710591 76.288513 0.000000 0.000000 0.000000 1.000000
H_009_00158.JPG 0.741054 -0.473785 0.475781 70.995201 0.671413 0.529890 -0.518094 -84.302971 -0.006646 0.703381 0.710782 76.270485 0.000000 0.000000 0.000000 1.000000
H_009_00159.JPG 0.732433 -0.479978 0.482870 75.780518 0.680792 0.524614 -0.511177 -89.748283 -0.007967 0.703137 0.711010 76.294685 0.000000 0.000000 0.000000 1.000000
H_009_00160.JPG 0.736669 -0.476402 0.479958 80.612320 0.676202 0.527650 -0.514137 -95.075035 -0.008313 0.703297 0.710847 76.283234 0.000000 0.000000 0.000000 1.000000
H_009_00161.JPG 0.725920 -0.485463 0.487202 85.364418 0.687722 0.521419 -0.505134 -100.243675 -0.008813 0.701746 0.712372 76.332069 0.000000 0.000000 0.000000 1.000000
H_009_00162.JPG 0.846141 -0.379973 0.373719 87.761063 0.532955 0.605767 -0.590766 -104.079910 -0.001911 0.699047 0.715073 76.290703 0.000000 0.000000 0.000000 1.000000
H_009_00163.JPG 0.877479 0.334432 -0.343783 84.591858 -0.479487 0.628337 -0.612605 -111.530991 0.011136 0.702387 0.711708 76.372475 0.000000 0.000000 0.000000 1.000000
H_009_00164.JPG 0.830030 0.388907 -0.399753 80.965973 -0.557561 0.595709 -0.578149 -116.025429 0.013290 0.702768 0.711295 76.398224 0.000000 0.000000 0.000000 1.000000
H_009_00165.JPG 0.117955 0.696528 -0.707768 77.603607 -0.992873 0.094965 -0.072013 -116.409004 0.017054 0.711218 0.702765 76.409203 0.000000 0.000000 0.000000 1.000000
H_009_00166.JPG -0.689124 0.510282 -0.514509 74.769699 -0.724566 -0.474890 0.499483 -113.288239 0.010542 0.717002 0.696991 76.350410 0.000000 0.000000 0.000000 1.000000
H_009_00167.JPG -0.734654 0.477506 -0.481945 71.624710 -0.678382 -0.507621 0.531149 -109.296524 0.008981 0.717153 0.696857 76.318802 0.000000 0.000000 0.000000 1.000000
H_009_00168.JPG -0.739646 0.471632 -0.480091 67.639450 -0.672961 -0.510995 0.534797 -104.729073 0.006904 0.718643 0.695345 76.342155 0.000000 0.000000 0.000000 1.000000
H_009_00169.JPG -0.732535 0.473706 -0.488871 62.946560 -0.680721 -0.506043 0.529660 -99.640671 0.003514 0.720779 0.693156 76.282784 0.000000 0.000000 0.000000 1.000000
H_009_00170.JPG -0.730454 0.476044 -0.489713 57.833908 -0.682958 -0.507018 0.525833 -94.074738 0.002027 0.718551 0.695472 76.294487 0.000000 0.000000 0.000000 1.000000
H_009_00171.JPG -0.733744 0.474606 -0.486179 53.037918 -0.679426 -0.512353 0.525237 -88.841820 0.000185 0.715712 0.698396 76.279877 0.000000 0.000000 0.000000 1.000000
H_009_00172.JPG -0.740831 0.469672 -0.480185 48.378895 -0.671691 -0.518538 0.529102 -83.668427 -0.000489 0.714511 0.699624 76.331429 0.000000 0.000000 0.000000 1.000000
H_009_00173.JPG -0.744661 0.466024 -0.477809 43.640034 -0.667440 -0.522036 0.531039 -78.442810 -0.001956 0.714353 0.699783 76.306267 0.000000 0.000000 0.000000 1.000000
H_009_00174.JPG -0.722845 0.483514 -0.493670 38.605991 -0.691004 -0.508876 0.513379 -73.066757 -0.002991 0.712221 0.701949 76.280464 0.000000 0.000000 0.000000 1.000000
H_009_00175.JPG -0.726041 0.481559 -0.490883 33.618366 -0.687641 -0.512351 0.514438 -67.758324 -0.003772 0.711054 0.703127 76.265144 0.000000 0.000000 0.000000 1.000000
H_009_00176.JPG -0.729855 0.479735 -0.486997 28.724197 -0.683594 -0.515760 0.516422 -62.380901 -0.003428 0.709821 0.704374 76.277359 0.000000 0.000000 0.000000 1.000000
H_009_00177.JPG -0.735475 0.476137 -0.482048 23.945999 -0.677539 -0.521317 0.518816 -57.120464 -0.004272 0.708182 0.706017 76.330864 0.000000 0.000000 0.000000 1.000000
H_009_00178.JPG -0.725929 0.482481 -0.490143 19.017454 -0.687749 -0.514817 0.511825 -51.896194 -0.005388 0.708644 0.705546 76.296127 0.000000 0.000000 0.000000 1.000000
H_009_00179.JPG -0.725949 0.482313 -0.490278 14.146808 -0.687722 -0.515354 0.511321 -46.850903 -0.006050 0.708367 0.705818 76.254547 0.000000 0.000000 0.000000 1.000000
H_009_00180.JPG -0.730076 0.480399 -0.486011 9.269637 -0.683347 -0.518591 0.513907 -41.586300 -0.005160 0.707305 0.706890 76.281158 0.000000 0.000000 0.000000 1.000000
H_009_00181.JPG -0.730536 0.480002 -0.485710 4.774594 -0.682853 -0.518979 0.514171 -36.452042 -0.005270 0.707290 0.706904 76.301941 0.000000 0.000000 0.000000 1.000000
H_009_00182.JPG -0.726806 0.482344 -0.488976 -0.055417 -0.686813 -0.517032 0.510848 -31.067278 -0.006412 0.707122 0.707062 76.260445 0.000000 0.000000 0.000000 1.000000
H_009_00183.JPG -0.731293 0.479065 -0.485496 -5.002398 -0.682026 -0.521076 0.513148 -25.609669 -0.007149 0.706382 0.707794 76.269661 0.000000 0.000000 0.000000 1.000000
H_009_00184.JPG -0.728103 0.481286 -0.488088 -9.635126 -0.685426 -0.519062 0.510652 -20.425940 -0.007578 0.706355 0.707817 76.299728 0.000000 0.000000 0.000000 1.000000
H_009_00185.JPG -0.730281 0.480135 -0.485964 -14.574985 -0.683107 -0.520914 0.511872 -15.091387 -0.007378 0.705775 0.708397 76.271751 0.000000 0.000000 0.000000 1.000000
H_009_00186.JPG -0.724815 0.484118 -0.490177 -19.396618 -0.688895 -0.517770 0.507284 -9.779572 -0.008213 0.705368 0.708794 76.293404 0.000000 0.000000 0.000000 1.000000
H_009_00187.JPG -0.727449 0.482257 -0.488105 -24.252007 -0.686120 -0.519150 0.509631 -4.481616 -0.007627 0.705629 0.708541 76.271515 0.000000 0.000000 0.000000 1.000000
H_009_00188.JPG -0.727696 0.482615 -0.487382 -28.742796 -0.685864 -0.519304 0.509818 0.448235 -0.007054 0.705270 0.708904 76.276482 0.000000 0.000000 0.000000 1.000000
H_009_00189.JPG -0.727233 0.482665 -0.488022 -33.805912 -0.686350 -0.519044 0.509428 6.031280 -0.007422 0.705427 0.708744 76.257553 0.000000 0.000000 0.000000 1.000000
H_009_00190.JPG -0.734594 0.478604 -0.480948 -38.490665 -0.678487 -0.523609 0.515257 11.511224 -0.005225 0.704821 0.709366 76.275826 0.000000 0.000000 0.000000 1.000000
H_009_00191.JPG -0.733822 0.478642 -0.482086 -42.974609 -0.679316 -0.523230 0.514548 16.675232 -0.005958 0.705076 0.709107 76.298073 0.000000 0.000000 0.000000 1.000000
H_009_00192.JPG -0.743680 0.470507 -0.474936 -47.812489 -0.668494 -0.531342 0.520376 22.227808 -0.007513 0.704485 0.709679 76.231964 0.000000 0.000000 0.000000 1.000000
H_009_00193.JPG -0.726543 0.483966 -0.487762 -52.674053 -0.687068 -0.520538 0.506930 27.503183 -0.008562 0.703432 0.710711 76.219078 0.000000 0.000000 0.000000 1.000000
H_009_00194.JPG -0.725008 0.484790 -0.489226 -57.498493 -0.688690 -0.518875 0.506434 32.859226 -0.008333 0.704094 0.710058 76.234093 0.000000 0.000000 0.000000 1.000000
H_009_00195.JPG -0.736528 0.476786 -0.479794 -62.123684 -0.676369 -0.526688 0.514902 38.055115 -0.007203 0.703758 0.710404 76.277504 0.000000 0.000000 0.000000 1.000000
H_009_00196.JPG -0.734524 0.478886 -0.480774 -66.890289 -0.678545 -0.525859 0.512883 43.545628 -0.007207 0.702951 0.711202 76.255707 0.000000 0.000000 0.000000 1.000000
H_009_00197.JPG -0.734323 0.476409 -0.483533 -71.739624 -0.678742 -0.524658 0.513851 49.086960 -0.008886 0.705527 0.708628 76.254150 0.000000 0.000000 0.000000 1.000000
H_009_00198.JPG -0.738071 0.474326 -0.479860 -76.473938 -0.674665 -0.528087 0.515704 54.385586 -0.008796 0.704371 0.709777 76.301346 0.000000 0.000000 0.000000 1.000000
H_009_00199.JPG -0.728741 0.480645 -0.487768 -81.345245 -0.684723 -0.521436 0.509175 59.677853 -0.009608 0.705043 0.709100 76.299973 0.000000 0.000000 0.000000 1.000000
H_009_00200.JPG -0.733362 0.477810 -0.483610 -86.233101 -0.679789 -0.524004 0.513134 64.973557 -0.008233 0.705065 0.709094 76.328896 0.000000 0.000000 0.000000 1.000000
H_009_00201.JPG -0.734996 0.475567 -0.483340 -91.051239 -0.678005 -0.525416 0.514049 70.263748 -0.009490 0.705531 0.708616 76.328140 0.000000 0.000000 0.000000 1.000000
H_009_00202.JPG -0.735048 0.475965 -0.482868 -95.542465 -0.677958 -0.525210 0.514322 75.057816 -0.008808 0.705416 0.708739 76.309441 0.000000 0.000000 0.000000 1.000000
H_009_00203.JPG -0.725318 0.483292 -0.490248 -100.613152 -0.688366 -0.517640 0.508136 80.209702 -0.008194 0.706030 0.708134 76.242699 0.000000 0.000000 0.000000 1.000000
H_009_00204.JPG -0.732878 0.480234 -0.481939 -104.641586 -0.680296 -0.527012 0.509368 84.356850 -0.009372 0.701166 0.712937 76.301819 0.000000 0.000000 0.000000 1.000000
H_009_00205.JPG -0.370325 0.655142 -0.658520 -108.035126 -0.928773 -0.272988 0.250716 85.092560 -0.015513 0.704462 0.709572 76.283882 0.000000 0.000000 0.000000 1.000000
H_009_00206.JPG 0.584754 0.576979 -0.570227 -113.494804 -0.810961 0.398353 -0.428551 81.471489 -0.020113 0.713029 0.700846 76.255287 0.000000 0.000000 0.000000 1.000000
H_009_00207.JPG 0.636597 0.550353 -0.540237 -116.987411 -0.770889 0.434316 -0.465940 77.921455 -0.021798 0.713079 0.700745 76.270088 0.000000 0.000000 0.000000 1.000000
H_009_00208.JPG 0.986133 0.125822 -0.108217 -117.471710 -0.165200 0.682000 -0.712450 73.951126 -0.015838 0.720448 0.693328 76.270981 0.000000 0.000000 0.000000 1.000000
H_009_00209.JPG 0.765425 -0.443414 0.466379 -114.105469 0.643503 0.533430 -0.548959 70.035042 -0.005364 0.720303 0.693639 76.275223 0.000000 0.000000 0.000000 1.000000
H_009_00210.JPG 0.725860 -0.474006 0.498443 -109.341270 0.687829 0.504780 -0.521621 65.583870 -0.004352 0.721467 0.692435 76.274437 0.000000 0.000000 0.000000 1.000000
H_009_00211.JPG 0.732105 -0.470206 0.492878 -103.979668 0.681180 0.509657 -0.525589 60.149578 -0.004064 0.720525 0.693417 76.279793 0.000000 0.000000 0.000000 1.000000
H_009_00212.JPG 0.731633 -0.472767 0.491126 -98.749619 0.681686 0.511860 -0.522785 54.764965 -0.004232 0.717280 0.696772 76.284943 0.000000 0.000000 0.000000 1.000000
H_009_00213.JPG 0.730522 -0.475286 0.490348 -94.052963 0.682874 0.513270 -0.519844 49.978268 -0.004606 0.714603 0.699515 76.313156 0.000000 0.000000 0.000000 1.000000
H_009_00214.JPG 0.721119 -0.483982 0.495730 -89.192596 0.692801 0.507561 -0.512258 44.856251 -0.003690 0.712842 0.701315 76.330688 0.000000 0.000000 0.000000 1.000000
H_009_00215.JPG 0.726437 -0.481062 0.490784 -84.408630 0.687226 0.511785 -0.515555 39.526222 -0.003162 0.711798 0.702377 76.340927 0.000000 0.000000 0.000000 1.000000
H_009_00216.JPG 0.729178 -0.479530 0.488211 -79.615173 0.684312 0.515140 -0.516089 34.120071 -0.004017 0.710410 0.703777 76.326569 0.000000 0.000000 0.000000 1.000000
H_009_00217.JPG 0.731877 -0.478267 0.485403 -74.734116 0.681425 0.517750 -0.517296 28.718876 -0.003912 0.709363 0.704832 76.318443 0.000000 0.000000 0.000000 1.000000
H_009_00218.JPG 0.726276 -0.482956 0.489160 -70.061249 0.687394 0.514017 -0.513104 23.372326 -0.003630 0.708901 0.705299 76.307121 0.000000 0.000000 0.000000 1.000000
H_009_00219.JPG 0.740148 -0.473073 0.477894 -65.221001 0.672434 0.524602 -0.522136 17.681366 -0.003696 0.707810 0.706393 76.294044 0.000000 0.000000 0.000000 1.000000
H_009_00220.JPG 0.738447 -0.474279 0.479328 -60.858814 0.674292 0.524839 -0.519495 12.432902 -0.005185 0.706826 0.707368 76.286827 0.000000 0.000000 0.000000 1.000000
H_009_00221.JPG 0.735500 -0.475834 0.482309 -56.407490 0.677494 0.523304 -0.516870 7.497847 -0.006450 0.706920 0.707265 76.262360 0.000000 0.000000 0.000000 1.000000
H_009_00222.JPG 0.730205 -0.480615 0.485602 -51.364033 0.683196 0.520503 -0.512172 2.323627 -0.006599 0.705752 0.708428 76.285934 0.000000 0.000000 0.000000 1.000000
H_009_00223.JPG 0.731438 -0.480253 0.484103 -46.367756 0.681894 0.519628 -0.514788 -2.974844 -0.004325 0.706643 0.707557 76.261429 0.000000 0.000000 0.000000 1.000000
H_009_00224.JPG 0.721308 -0.488327 0.491174 -41.527473 0.692601 0.513047 -0.507038 -8.426997 -0.004395 0.705918 0.708280 76.304688 0.000000 0.000000 0.000000 1.000000
H_009_00225.JPG 0.733128 -0.479239 0.482548 -36.659737 0.680073 0.521664 -0.515138 -13.880284 -0.004854 0.705830 0.708364 76.266022 0.000000 0.000000 0.000000 1.000000
H_009_00226.JPG 0.721352 -0.489157 0.490282 -31.733068 0.692558 0.513427 -0.506712 -19.251965 -0.003862 0.705066 0.709131 76.314690 0.000000 0.000000 0.000000 1.000000
H_009_00227.JPG 0.731990 -0.481043 0.482482 -26.909967 0.681305 0.520812 -0.514372 -24.591736 -0.003848 0.705233 0.708966 76.307236 0.000000 0.000000 0.000000 1.000000
H_009_00228.JPG 0.725149 -0.485723 0.488089 -22.178423 0.688575 0.516364 -0.509148 -29.716465 -0.004727 0.705295 0.708898 76.315178 0.000000 0.000000 0.000000 1.000000
H_009_00229.JPG 0.737848 -0.477046 0.477501 -17.581171 0.674953 0.525938 -0.517520 -34.918301 -0.004255 0.704143 0.710046 76.258812 0.000000 0.000000 0.000000 1.000000
H_009_00230.JPG 0.733213 -0.479802 0.481859 -12.781891 0.679973 0.523527 -0.513378 -40.254269 -0.005946 0.704067 0.710109 76.285957 0.000000 0.000000 0.000000 1.000000
H_009_00231.JPG 0.734544 -0.479480 0.480150 -7.870439 0.678544 0.523981 -0.514802 -45.516117 -0.004752 0.703948 0.710235 76.254433 0.000000 0.000000 0.000000 1.000000
H_009_00232.JPG 0.735398 -0.478772 0.479549 -3.240857 0.677619 0.524459 -0.515534 -50.729820 -0.004681 0.704074 0.710111 76.276779 0.000000 0.000000 0.000000 1.000000
H_009_00233.JPG 0.734504 -0.479270 0.480420 1.562281 0.678586 0.523902 -0.514828 -56.190201 -0.004952 0.704150 0.710034 76.268784 0.000000 0.000000 0.000000 1.000000
H_009_00234.JPG 0.733910 -0.479609 0.480990 6.450481 0.679224 0.524022 -0.513864 -61.573563 -0.005596 0.703830 0.710347 76.272949 0.000000 0.000000 0.000000 1.000000
H_009_00235.JPG 0.734583 -0.478979 0.480590 11.162889 0.678497 0.524165 -0.514677 -66.724297 -0.005389 0.704152 0.710029 76.270844 0.000000 0.000000 0.000000 1.000000
H_009_00236.JPG 0.734808 -0.478880 0.480345 16.269598 0.678252 0.524535 -0.514623 -72.376572 -0.005515 0.703944 0.710234 76.261940 0.000000 0.000000 0.000000 1.000000
H_009_00237.JPG 0.732604 -0.480541 0.482050 21.199186 0.680632 0.523065 -0.512975 -77.785637 -0.005638 0.703906 0.710271 76.248970 0.000000 0.000000 0.000000 1.000000
H_009_00238.JPG 0.730235 -0.482366 0.483818 25.563253 0.683170 0.521678 -0.511009 -82.508118 -0.005903 0.703687 0.710486 76.254929 0.000000 0.000000 0.000000 1.000000
H_009_00239.JPG 0.730118 -0.483030 0.483331 30.807194 0.683299 0.521740 -0.510773 -88.264320 -0.005454 0.703185 0.710986 76.255943 0.000000 0.000000 0.000000 1.000000
H_009_00240.JPG 0.728878 -0.483955 0.484277 35.237644 0.684624 0.520637 -0.510126 -93.122437 -0.005255 0.703367 0.710808 76.247322 0.000000 0.000000 0.000000 1.000000
H_009_00241.JPG 0.730148 -0.482854 0.483462 39.864712 0.683270 0.521254 -0.511309 -98.222031 -0.005119 0.703666 0.710512 76.243301 0.000000 0.000000 0.000000 1.000000
H_009_00242.JPG 0.731361 -0.481345 0.483133 44.747040 0.681973 0.521207 -0.513085 -103.605469 -0.004842 0.704734 0.709455 76.234558 0.000000 0.000000 0.000000 1.000000
H_009_00243.JPG 0.730591 -0.482619 0.483027 49.650242 0.682798 0.521315 -0.511876 -108.935593 -0.004768 0.703783 0.710399 76.226555 0.000000 0.000000 0.000000 1.000000
H_009_00244.JPG 0.727739 -0.485195 0.484749 54.507053 0.685845 0.518608 -0.510552 -114.176605 -0.003677 0.704011 0.710179 76.273735 0.000000 0.000000 0.000000 1.000000
H_009_00245.JPG 0.730380 -0.483127 0.482839 59.352074 0.683032 0.520155 -0.512743 -119.621590 -0.003431 0.704292 0.709902 76.233681 0.000000 0.000000 0.000000 1.000000
H_009_00246.JPG 0.734803 -0.479556 0.479677 64.152008 0.678271 0.523193 -0.515962 -125.157204 -0.003531 0.704482 0.709713 76.212715 0.000000 0.000000 0.000000 1.000000
H_009_00247.JPG 0.735462 -0.478752 0.479472 68.575134 0.677556 0.523636 -0.516454 -130.198822 -0.003816 0.704700 0.709495 76.216576 0.000000 0.000000 0.000000 1.000000
H_009_00248.JPG 0.718311 -0.494371 0.489518 72.128471 0.695714 0.513949 -0.501835 -134.209930 -0.003495 0.701038 0.713115 76.279472 0.000000 0.000000 0.000000 1.000000
H_009_00249.JPG -0.870603 0.347004 -0.348766 63.471077 -0.491982 -0.616476 0.614744 -119.662254 -0.001687 0.706785 0.707426 76.236458 0.000000 0.000000 0.000000 1.000000
H_009_00250.JPG -0.867651 0.345498 -0.357508 62.861317 -0.497169 -0.605765 0.621186 -118.605682 -0.001948 0.716715 0.697364 76.224342 0.000000 0.000000 0.000000 1.000000
H_009_00251.JPG -0.871002 0.338490 -0.356061 59.957268 -0.491277 -0.602133 0.629351 -113.301338 -0.001367 0.723091 0.690751 74.775635 0.000000 0.000000 0.000000 1.000000
H_009_00252.JPG -0.874069 0.331223 -0.355380 54.709328 -0.485794 -0.600143 0.635478 -103.823257 -0.002794 0.728093 0.685472 70.868370 0.000000 0.000000 0.000000 1.000000
H_009_00253.JPG -0.880525 0.323819 -0.346145 48.116348 -0.473996 -0.604101 0.640617 -91.089531 -0.001663 0.728151 0.685415 65.764992 0.000000 0.000000 0.000000 1.000000
H_009_00254.JPG -0.875560 0.331142 -0.351767 40.846092 -0.483097 -0.605374 0.632566 -76.826462 -0.003482 0.723787 0.690015 59.901722 0.000000 0.000000 0.000000 1.000000
H_009_00255.JPG -0.877516 0.332553 -0.345506 33.557266 -0.479531 -0.614403 0.626545 -63.177776 -0.003921 0.715484 0.698618 53.719284 0.000000 0.000000 0.000000 1.000000
H_009_00256.JPG -0.873684 0.339079 -0.348857 26.648748 -0.486474 -0.615301 0.620281 -50.346794 -0.004328 0.711640 0.702531 47.167160 0.000000 0.000000 0.000000 1.000000
H_009_00257.JPG -0.881347 0.333325 -0.334847 20.593475 -0.472454 -0.627502 0.618893 -39.010227 -0.003824 0.703659 0.710527 41.166058 0.000000 0.000000 0.000000 1.000000
H_009_00258.JPG -0.771053 0.450487 -0.450044 15.648535 -0.636742 -0.552305 0.538070 -30.517550 -0.006169 0.701442 0.712700 38.915142 0.000000 0.000000 0.000000 1.000000
H_009_00259.JPG -0.748213 0.470661 -0.467607 15.681681 -0.663410 -0.539336 0.518657 -30.082825 -0.008086 0.698280 0.715779 41.071434 0.000000 0.000000 0.000000 1.000000
H_009_00260.JPG -0.743813 0.468759 -0.476452 15.003698 -0.668352 -0.529030 0.522909 -29.394611 -0.006939 0.707384 0.706795 42.755947 0.000000 0.000000 0.000000 1.000000
H_009_00261.JPG -0.752533 0.459065 -0.472180 11.262188 -0.658513 -0.532618 0.531675 -25.035582 -0.007418 0.711040 0.703113 42.743328 0.000000 0.000000 0.000000 1.000000
H_009_00262.JPG -0.801583 0.418075 -0.427409 7.350547 -0.597862 -0.566662 0.566971 -20.288965 -0.005160 0.710005 0.704177 42.727005 0.000000 0.000000 0.000000 1.000000
H_009_00263.JPG -0.799935 0.420954 -0.427669 3.459790 -0.600075 -0.565446 0.565845 -15.284670 -0.003629 0.709273 0.704924 42.770710 0.000000 0.000000 0.000000 1.000000
H_009_00264.JPG -0.716507 0.484971 -0.501419 -0.745097 -0.697514 -0.507930 0.505452 -10.182811 -0.009556 0.711907 0.702209 42.749939 0.000000 0.000000 0.000000 1.000000
H_009_00265.JPG -0.662399 0.519175 -0.540078 -7.323468 -0.749105 -0.466988 0.469855 -4.567918 -0.008273 0.715807 0.698249 42.073124 0.000000 0.000000 0.000000 1.000000
H_009_00266.JPG -0.658020 0.521160 -0.543510 -15.427575 -0.752959 -0.462980 0.467656 2.610123 -0.007911 0.716967 0.697062 39.734547 0.000000 0.000000 0.000000 1.000000
H_009_00267.JPG -0.641890 0.532897 -0.551361 -24.070457 -0.766771 -0.452056 0.455750 10.343949 -0.006378 0.715308 0.698780 37.572639 0.000000 0.000000 0.000000 1.000000
H_009_00268.JPG -0.638483 0.540811 -0.547597 -31.979216 -0.769620 -0.453245 0.449727 17.437170 -0.004978 0.708585 0.705608 35.292877 0.000000 0.000000 0.000000 1.000000
H_009_00269.JPG -0.641910 0.544510 -0.539871 -37.843204 -0.766769 -0.459650 0.448093 23.017614 -0.004160 0.701591 0.712568 33.505913 0.000000 0.000000 0.000000 1.000000
H_009_00270.JPG -0.638994 0.546793 -0.541022 -42.398632 -0.769200 -0.458175 0.445429 27.665850 -0.004325 0.700780 0.713364 32.679207 0.000000 0.000000 0.000000 1.000000
H_009_00271.JPG -0.810194 0.419239 -0.409664 -46.427822 -0.586160 -0.577964 0.567779 32.594257 0.001264 0.700140 0.714004 32.678268 0.000000 0.000000 0.000000 1.000000
H_009_00272.JPG -0.851547 0.373729 -0.367688 -49.250538 -0.524277 -0.608191 0.596018 37.568829 -0.000876 0.700307 0.713841 32.722576 0.000000 0.000000 0.000000 1.000000
H_009_00273.JPG -0.849350 0.370928 -0.375521 -50.735420 -0.527829 -0.598280 0.602875 40.195316 -0.001043 0.710263 0.703936 32.690594 0.000000 0.000000 0.000000 1.000000
H_009_00274.JPG -0.909108 0.293170 -0.295930 -53.540321 -0.416556 -0.636339 0.649272 45.657410 0.002036 0.713529 0.700622 32.675240 0.000000 0.000000 0.000000 1.000000
H_009_00275.JPG -0.808661 0.406200 -0.425521 -56.987625 -0.588210 -0.569063 0.574610 51.458912 -0.008742 0.714961 0.699110 32.644382 0.000000 0.000000 0.000000 1.000000
H_009_00276.JPG -0.869927 0.343192 -0.354185 -61.628952 -0.493148 -0.613626 0.616659 57.327778 -0.005704 0.711114 0.703054 32.655426 0.000000 0.000000 0.000000 1.000000
H_009_00277.JPG -0.893829 0.314252 -0.319868 -65.246841 -0.448407 -0.625324 0.638671 63.235538 0.000683 0.714294 0.699846 32.644493 0.000000 0.000000 0.000000 1.000000
H_009_00278.JPG -0.609685 -0.545444 0.575131 -63.291420 0.792239 -0.442514 0.420165 68.544128 0.025327 0.711809 0.701916 32.660015 0.000000 0.000000 0.000000 1.000000
H_009_00279.JPG 0.482797 -0.614376 0.624058 -59.710354 0.875419 0.319526 -0.362691 67.091248 0.023426 0.721419 0.692103 32.626785 0.000000 0.000000 0.000000 1.000000
H_009_00280.JPG 0.755134 -0.464795 0.462319 -57.556263 0.655263 0.513537 -0.553994 64.008102 0.020075 0.721280 0.692353 32.634476 0.000000 0.000000 0.000000 1.000000
H_009_00281.JPG 0.780189 -0.439427 0.445206 -55.054340 0.625497 0.539301 -0.563834 59.529930 0.007664 0.718372 0.695617 32.640144 0.000000 0.000000 0.000000 1.000000
H_009_00282.JPG 0.798130 -0.423828 0.428204 -51.290916 0.602469 0.556186 -0.572441 54.780869 0.004455 0.714862 0.699252 32.639008 0.000000 0.000000 0.000000 1.000000
H_009_00283.JPG 0.816775 -0.408236 0.407703 -47.676376 0.576948 0.574076 -0.581006 49.625500 0.003136 0.709775 0.704422 32.650894 0.000000 0.000000 0.000000 1.000000
H_009_00284.JPG 0.820890 -0.404762 0.402873 -43.799526 0.571080 0.578676 -0.582238 44.358418 0.002535 0.708027 0.706181 34.360718 0.000000 0.000000 0.000000 1.000000
H_009_00285.JPG 0.818901 -0.408937 0.402704 -39.823288 0.573928 0.580303 -0.577802 39.233711 0.002594 0.704286 0.709911 36.601418 0.000000 0.000000 0.000000 1.000000
H_009_00286.JPG 0.819434 -0.409970 0.400566 -36.376755 0.573165 0.582121 -0.576730 34.342079 0.003264 0.702182 0.711990 38.814354 0.000000 0.000000 0.000000 1.000000
H_009_00287.JPG 0.819551 -0.410653 0.399625 -33.454391 0.572999 0.583941 -0.575052 29.782049 0.002790 0.700269 0.713873 40.808880 0.000000 0.000000 0.000000 1.000000
H_009_00288.JPG 0.799445 -0.427223 0.422337 -30.399462 0.600739 0.569113 -0.561447 25.014078 -0.000494 0.702561 0.711624 42.766525 0.000000 0.000000 0.000000 1.000000
H_009_00289.JPG 0.805201 -0.422190 0.416421 -26.586082 0.593001 0.572249 -0.566464 19.866344 0.000859 0.703055 0.711135 45.460732 0.000000 0.000000 0.000000 1.000000
H_009_00290.JPG 0.817008 -0.409136 0.406331 -22.704472 0.576626 0.578739 -0.576683 13.794715 0.000782 0.705456 0.708753 44.844563 0.000000 0.000000 0.000000 1.000000
H_009_00291.JPG 0.820871 -0.403360 0.404316 -17.648783 0.571114 0.580302 -0.580585 6.613608 -0.000441 0.707495 0.706718 42.521503 0.000000 0.000000 0.000000 1.000000
H_009_00292.JPG 0.803031 -0.422161 0.420619 -12.345614 0.595937 0.568644 -0.567012 -1.028879 0.000188 0.705991 0.708221 39.904785 0.000000 0.000000 0.000000 1.000000
H_009_00293.JPG 0.817982 -0.409675 0.403821 -7.666320 0.575243 0.581563 -0.575222 -8.645835 0.000807 0.702817 0.711370 37.349022 0.000000 0.000000 0.000000 1.000000
H_009_00294.JPG 0.822950 -0.407169 0.396190 -3.931687 0.568112 0.588166 -0.575595 -14.532268 0.001339 0.698767 0.715348 34.547756 0.000000 0.000000 0.000000 1.000000
H_009_00295.JPG 0.820551 -0.410263 0.397971 -1.050435 0.571574 0.588751 -0.571555 -19.008963 0.000182 0.696460 0.717596 31.560194 0.000000 0.000000 0.000000 1.000000
H_009_00296.JPG 0.820796 -0.409935 0.397803 1.285255 0.571221 0.590028 -0.570591 -21.711554 -0.000810 0.695572 0.718456 28.483377 0.000000 0.000000 0.000000 1.000000
H_009_00297.JPG 0.815067 -0.414159 0.405138 3.360751 0.579365 0.583856 -0.568725 -24.202881 -0.000999 0.698272 0.715831 25.361460 0.000000 0.000000 0.000000 1.000000
H_009_00298.JPG 0.808223 -0.422438 0.410270 4.955410 0.588877 0.579842 -0.563034 -26.256903 -0.000045 0.696656 0.717406 24.052561 0.000000 0.000000 0.000000 1.000000
H_009_00299.JPG -0.015159 -0.712305 0.701707 4.962472 0.999815 -0.002487 0.019074 -25.899920 -0.011842 0.701866 0.712210 24.064844 0.000000 0.000000 0.000000 1.000000
H_009_00300.JPG -0.674865 -0.526514 0.517050 4.919923 0.737864 -0.471337 0.483112 -25.750534 -0.010661 0.707548 0.706585 24.116282 0.000000 0.000000 0.000000 1.000000
H_009_00301.JPG -0.979919 -0.145378 0.136472 5.061378 0.199240 -0.686606 0.699196 -25.127745 -0.007945 0.712346 0.701783 25.019108 0.000000 0.000000 0.000000 1.000000
H_009_00302.JPG -0.928551 0.249602 -0.274759 4.216345 -0.371042 -0.646062 0.667032 -19.561695 -0.011018 0.721320 0.692514 26.799118 0.000000 0.000000 0.000000 1.000000
H_009_00303.JPG -0.682991 0.502169 -0.530424 -0.030080 -0.730315 -0.482156 0.483907 -13.774691 -0.012744 0.717881 0.696050 29.821657 0.000000 0.000000 0.000000 1.000000
H_009_00304.JPG -0.770639 0.441088 -0.459953 -3.412981 -0.637177 -0.545807 0.544151 -9.425240 -0.011028 0.712415 0.701671 31.319832 0.000000 0.000000 0.000000 1.000000
H_009_00305.JPG -0.772579 0.440930 -0.456840 -6.219666 -0.634848 -0.547261 0.545412 -5.718462 -0.009522 0.711398 0.702725 34.198051 0.000000 0.000000 0.000000 1.000000
H_009_00306.JPG -0.811842 0.407929 -0.417739 -9.664657 -0.583832 -0.576043 0.572115 -2.035403 -0.007253 0.708356 0.705818 38.536785 0.000000 0.000000 0.000000 1.000000
H_009_00307.JPG -0.736899 0.473834 -0.482143 -12.955665 -0.675962 -0.524333 0.517832 1.432971 -0.007437 0.707500 0.706674 46.043865 0.000000 0.000000 0.000000 1.000000
H_009_00308.JPG -0.780437 0.438960 -0.445232 -15.885682 -0.625185 -0.556855 0.546860 4.952396 -0.007880 0.705142 0.709022 55.061695 0.000000 0.000000 0.000000 1.000000
H_009_00309.JPG -0.780654 0.439782 -0.444040 -18.933880 -0.624928 -0.556929 0.547079 8.028000 -0.006703 0.704572 0.709601 64.239555 0.000000 0.000000 0.000000 1.000000
H_009_00310.JPG -0.779839 0.438123 -0.447101 -22.578686 -0.625951 -0.552624 0.550265 11.942646 -0.005994 0.708982 0.705201 71.741661 0.000000 0.000000 0.000000 1.000000
H_009_00311.JPG -0.780271 0.437070 -0.447378 -27.233105 -0.625425 -0.550499 0.552987 17.431747 -0.004588 0.711281 0.702893 78.478325 0.000000 0.000000 0.000000 1.000000
H_009_00312.JPG -0.840673 0.381519 -0.384333 -32.264923 -0.541542 -0.593427 0.595463 23.548786 -0.000893 0.708723 0.705487 84.637993 0.000000 0.000000 0.000000 1.000000
