# Frame list with one line of data per frame:
#   FRAME_ID, RIG_ID, RIG_FROM_WORLD[QW, QX, QY, QZ, TX, TY, TZ], NUM_DATA_IDS, DATA_IDS[] as (SENSOR_TYPE, SENSOR_ID, DATA_ID)
# Number of frames: 16
10 1 0.99894641467123124 -0.016257036477091157 -0.042807527982185893 0.0030471180694966178 3.2426482913356947 -0.025766053137641524 -0.34600501336462652 1 CAMERA 1 10
11 1 0.99904364614792474 -0.015643768527287605 -0.040722879234609176 0.0029517290811497134 3.0837346382685227 -0.043929768845865191 -0.26209920669381404 1 CAMERA 1 11
12 1 0.99921879454494245 -0.014988657193536819 -0.036496812430812521 0.0022635074722382473 2.6798087607789611 -0.022936088725609521 -0.18295816542694823 1 CAMERA 1 12
13 1 0.99938734218371739 -0.014425103793604515 -0.031859962727432294 0.0013414315173710537 2.3142725212937032 0.009168056335047468 -0.12869856754505377 1 CAMERA 1 13
14 1 0.99952470564502682 -0.013970755819385224 -0.027477777887251507 0.00039052456603402272 2.0071761638521139 0.032100780235639698 -0.05580182955753716 1 CAMERA 1 14
15 1 0.99966602770449375 -0.01297840348607728 -0.022344925633897408 -0.00031367959237565973 1.6040481591826521 0.096945343670420042 0.0097609002740917192 1 CAMERA 1 15
16 1 0.99976433230941064 -0.012605395291665804 -0.017669088046609327 -0.00043264195400566146 1.2579786435694049 0.05016440393676902 0.071351859349551058 1 CAMERA 1 16
17 1 0.99983673749085922 -0.011539640883359712 -0.01390421684203968 8.835115907164699e-05 0.93056734266834285 0.097827343090127319 0.24294159020277478 1 CAMERA 1 17
18 1 0.99988888399269393 -0.010586860704611059 -0.010450731152849193 0.00095930528889049467 0.54722347752420841 0.1587223875292286 0.26527863474301372 1 CAMERA 1 18
19 1 0.99992260166971547 -0.0097906966417651425 -0.0073219924459587684 0.0023068064413472593 0.19533811226515344 0.22850065476127801 0.48647103866575742 1 CAMERA 1 19
20 1 0.99993833794682208 -0.0096451557852524454 -0.0044249768562405435 0.0032727440851836489 -0.086394907275544039 0.25431958385356512 0.59294766082398598 1 CAMERA 1 20
21 1 0.99994315726631644 -0.0098070373211854491 -0.00082807852863166069 0.0041010414777200134 -0.4030271830400996 0.25536131698569559 0.68463688662044198 1 CAMERA 1 21
22 1 0.99992643910337231 -0.010211490660719772 0.0047957629714041076 0.004454491896741442 -0.84504471761779265 0.27703305676954942 0.56886821535448251 1 CAMERA 1 22
33 1 0.99258955663736548 -0.025106663484083067 0.1154384168950076 -0.028453460385508653 -6.3052251238967099 -0.12771820115188035 1.1716671789816833 1 CAMERA 1 33
34 1 0.99204819744412065 -0.023071936352148267 0.11974819157994754 -0.03111961301439195 -6.7402871627103611 -0.070382990879820861 1.3855896111224097 1 CAMERA 1 34
35 1 0.9917241410074854 -0.021767318493225895 0.12250266945720113 -0.031662406169455065 -7.0227897897094262 -0.054713478245423032 1.5925530958524992 1 CAMERA 1 35
