datasets/GS/road/images/street_cam1/TIMELAPSE_0244.JPG datasets/GS/road/images/street_cam1/TIMELAPSE_0246.JPG 0 0 619.886262 0.000000 808.910311 0.000000 619.886262 446.748666 0.000000 0.000000 1.000000 619.886262 0.000000 808.910311 0.000000 619.886262 446.748666 0.000000 0.000000 1.000000 0.985880 -0.036304 -0.163468 -0.138878 0.038752 0.999179 0.011811 0.143483 0.162905 -0.017979 0.986478 1.680221 0.000000 0.000000 0.000000 1.000000
datasets/GS/road/images/street_cam1/TIMELAPSE_0245.JPG datasets/GS/road/images/street_cam1/TIMELAPSE_0247.JPG 0 0 619.886262 0.000000 808.910311 0.000000 619.886262 446.748666 0.000000 0.000000 1.000000 619.886262 0.000000 808.910311 0.000000 619.886262 446.748666 0.000000 0.000000 1.000000 0.948547 -0.021853 -0.315882 -0.234051 0.021475 0.999758 -0.004678 0.100500 0.315908 -0.002346 0.948787 1.643803 0.000000 0.000000 0.000000 1.000000
datasets/GS/road/images/street_cam1/TIMELAPSE_0246.JPG datasets/GS/road/images/street_cam1/TIMELAPSE_0248.JPG 0 0 619.886262 0.000000 808.910311 0.000000 619.886262 446.748666 0.000000 0.000000 1.000000 619.886262 0.000000 808.910311 0.000000 619.886262 446.748666 0.000000 0.000000 1.000000 0.858643 -0.007947 -0.512513 -0.502320 -0.024157 0.998141 -0.055949 0.031180 0.512005 0.060421 0.856855 1.611467 0.000000 0.000000 0.000000 1.000000
datasets/GS/road/images/street_cam1/TIMELAPSE_0247.JPG datasets/GS/road/images/street_cam1/TIMELAPSE_0249.JPG 0 0 619.886262 0.000000 808.910311 0.000000 619.886262 446.748666 0.000000 0.000000 1.000000 619.886262 0.000000 808.910311 0.000000 619.886262 446.748666 0.000000 0.000000 1.000000 0.689983 -0.072181 -0.720218 -0.933547 0.116489 0.993119 0.012068 0.149638 0.714391 -0.092224 0.693643 1.470858 0.000000 0.000000 0.000000 1.000000
datasets/GS/road/images/street_cam1/TIMELAPSE_0248.JPG datasets/GS/road/images/street_cam1/TIMELAPSE_0250.JPG 0 0 619.886262 0.000000 808.910311 0.000000 619.886262 446.748666 0.000000 0.000000 1.000000 619.886262 0.000000 808.910311 0.000000 619.886262 446.748666 0.000000 0.000000 1.000000 0.864520 -0.021940 -0.502119 -0.564523 0.044179 0.998497 0.032436 0.071858 0.500653 -0.050224 0.864190 1.606062 0.000000 0.000000 0.000000 1.000000
datasets/GS/road/images/street_cam1/TIMELAPSE_0249.JPG datasets/GS/road/images/street_cam1/TIMELAPSE_0251.JPG 0 0 619.886262 0.000000 808.910311 0.000000 619.886262 446.748666 0.000000 0.000000 1.000000 619.886262 0.000000 808.910311 0.000000 619.886262 446.748666 0.000000 0.000000 1.000000 0.984047 0.012250 -0.177489 -0.332629 -0.025448 0.997060 -0.072270 0.165476 0.176082 0.075634 0.981466 1.688539 0.000000 0.000000 0.000000 1.000000
datasets/GS/road/images/street_cam1/TIMELAPSE_0250.JPG datasets/GS/road/images/street_cam1/TIMELAPSE_0252.JPG 0 0 619.886262 0.000000 808.910311 0.000000 619.886262 446.748666 0.000000 0.000000 1.000000 619.886262 0.000000 808.910311 0.000000 619.886262 446.748666 0.000000 0.000000 1.000000 0.980890 -0.011023 -0.194252 -0.277955 0.017047 0.999423 0.029366 0.173191 0.193816 -0.032117 0.980512 1.743518 0.000000 0.000000 0.000000 1.000000
datasets/GS/road/images/street_cam1/TIMELAPSE_0251.JPG datasets/GS/road/images/street_cam1/TIMELAPSE_0253.JPG 0 0 619.886262 0.000000 808.910311 0.000000 619.886262 446.748666 0.000000 0.000000 1.000000 619.886262 0.000000 808.910311 0.000000 619.886262 446.748666 0.000000 0.000000 1.000000 0.997310 -0.036971 -0.063287 -0.050561 0.035626 0.999118 -0.022247 0.102251 0.064054 0.019932 0.997747 1.790349 0.000000 0.000000 0.000000 1.000000
datasets/GS/road/images/street_cam1/TIMELAPSE_0252.JPG datasets/GS/road/images/street_cam1/TIMELAPSE_0254.JPG 0 0 619.886262 0.000000 808.910311 0.000000 619.886262 446.748666 0.000000 0.000000 1.000000 619.886262 0.000000 808.910311 0.000000 619.886262 446.748666 0.000000 0.000000 1.000000 0.999644 0.010153 -0.024693 -0.001499 -0.011049 0.999275 -0.036424 0.144678 0.024305 0.036684 0.999031 1.791732 0.000000 0.000000 0.000000 1.000000
datasets/GS/road/images/street_cam1/TIMELAPSE_0253.JPG datasets/GS/road/images/street_cam1/TIMELAPSE_0255.JPG 0 0 619.886262 0.000000 808.910311 0.000000 619.886262 446.748666 0.000000 0.000000 1.000000 619.886262 0.000000 808.910311 0.000000 619.886262 446.748666 0.000000 0.000000 1.000000 0.999335 -0.001028 -0.036444 0.068383 0.003028 0.998489 0.054866 0.197275 0.036332 -0.054940 0.997828 1.733403 0.000000 0.000000 0.000000 1.000000
datasets/GS/road/images/street_cam1/TIMELAPSE_0254.JPG datasets/GS/road/images/street_cam1/TIMELAPSE_0256.JPG 0 0 619.886262 0.000000 808.910311 0.000000 619.886262 446.748666 0.000000 0.000000 1.000000 619.886262 0.000000 808.910311 0.000000 619.886262 446.748666 0.000000 0.000000 1.000000 0.997921 -0.012659 0.063200 0.200589 0.013272 0.999869 -0.009286 0.112297 -0.063074 0.010105 0.997958 1.688906 0.000000 0.000000 0.000000 1.000000
datasets/GS/road/images/street_cam1/TIMELAPSE_0255.JPG datasets/GS/road/images/street_cam1/TIMELAPSE_0257.JPG 0 0 619.886262 0.000000 808.910311 0.000000 619.886262 446.748666 0.000000 0.000000 1.000000 619.886262 0.000000 808.910311 0.000000 619.886262 446.748666 0.000000 0.000000 1.000000 0.999881 0.005550 0.014401 0.116692 -0.004286 0.996260 -0.086299 0.075860 -0.014827 0.086227 0.996165 1.773980 0.000000 0.000000 0.000000 1.000000
datasets/GS/road/images/street_cam1/TIMELAPSE_0256.JPG datasets/GS/road/images/street_cam1/TIMELAPSE_0258.JPG 0 0 619.886262 0.000000 808.910311 0.000000 619.886262 446.748666 0.000000 0.000000 1.000000 619.886262 0.000000 808.910311 0.000000 619.886262 446.748666 0.000000 0.000000 1.000000 0.999443 -0.006968 -0.032639 0.045656 0.007126 0.999963 0.004746 0.117275 0.032605 -0.004976 0.999456 1.773957 0.000000 0.000000 0.000000 1.000000
datasets/GS/road/images/street_cam1/TIMELAPSE_0257.JPG datasets/GS/road/images/street_cam1/TIMELAPSE_0259.JPG 0 0 619.886262 0.000000 808.910311 0.000000 619.886262 446.748666 0.000000 0.000000 1.000000 619.886262 0.000000 808.910311 0.000000 619.886262 446.748666 0.000000 0.000000 1.000000 0.999244 -0.016072 0.035388 0.126520 0.015998 0.999869 0.002369 0.064505 -0.035421 -0.001801 0.999371 1.768686 0.000000 0.000000 0.000000 1.000000
datasets/GS/road/images/street_cam1/TIMELAPSE_0258.JPG datasets/GS/road/images/street_cam1/TIMELAPSE_0260.JPG 0 0 619.886262 0.000000 808.910311 0.000000 619.886262 446.748666 0.000000 0.000000 1.000000 619.886262 0.000000 808.910311 0.000000 619.886262 446.748666 0.000000 0.000000 1.000000 0.998443 0.002186 -0.055741 0.078261 -0.002810 0.999934 -0.011117 0.168178 0.055713 0.011257 0.998383 1.832599 0.000000 0.000000 0.000000 1.000000
datasets/GS/road/images/street_cam1/TIMELAPSE_0259.JPG datasets/GS/road/images/street_cam1/TIMELAPSE_0261.JPG 0 0 619.886262 0.000000 808.910311 0.000000 619.886262 446.748666 0.000000 0.000000 1.000000 619.886262 0.000000 808.910311 0.000000 619.886262 446.748666 0.000000 0.000000 1.000000 0.993956 0.001295 -0.109770 0.081418 -0.000164 0.999947 0.010315 0.147876 0.109778 -0.010234 0.993903 1.875120 0.000000 0.000000 0.000000 1.000000
datasets/GS/road/images/street_cam1/TIMELAPSE_0260.JPG datasets/GS/road/images/street_cam1/TIMELAPSE_0262.JPG 0 0 619.886262 0.000000 808.910311 0.000000 619.886262 446.748666 0.000000 0.000000 1.000000 619.886262 0.000000 808.910311 0.000000 619.886262 446.748666 0.000000 0.000000 1.000000 0.999976 0.003431 0.005988 0.220012 -0.003447 0.999990 0.002663 0.160123 -0.005979 -0.002684 0.999979 1.824914 0.000000 0.000000 0.000000 1.000000
datasets/GS/road/images/street_cam1/TIMELAPSE_0261.JPG datasets/GS/road/images/street_cam1/TIMELAPSE_0263.JPG 0 0 619.886262 0.000000 808.910311 0.000000 619.886262 446.748666 0.000000 0.000000 1.000000 619.886262 0.000000 808.910311 0.000000 619.886262 446.748666 0.000000 0.000000 1.000000 0.998991 0.001032 -0.044898 0.167891 -0.000702 0.999973 0.007370 0.163662 0.044904 -0.007331 0.998964 1.819751 0.000000 0.000000 0.000000 1.000000
datasets/GS/road/images/street_cam1/TIMELAPSE_0262.JPG datasets/GS/road/images/street_cam1/TIMELAPSE_0264.JPG 0 0 619.886262 0.000000 808.910311 0.000000 619.886262 446.748666 0.000000 0.000000 1.000000 619.886262 0.000000 808.910311 0.000000 619.886262 446.748666 0.000000 0.000000 1.000000 0.998608 -0.027305 -0.045134 0.115834 0.025885 0.999160 -0.031754 0.127001 0.045963 0.030542 0.998476 1.870580 0.000000 0.000000 0.000000 1.000000
datasets/GS/road/images/street_cam1/TIMELAPSE_0263.JPG datasets/GS/road/images/street_cam1/TIMELAPSE_0265.JPG 0 0 619.886262 0.000000 808.910311 0.000000 619.886262 446.748666 0.000000 0.000000 1.000000 619.886262 0.000000 808.910311 0.000000 619.886262 446.748666 0.000000 0.000000 1.000000 0.999716 -0.021433 -0.010404 -0.057592 0.021435 0.999770 0.000066 0.168251 0.010400 -0.000289 0.999946 1.852332 0.000000 0.000000 0.000000 1.000000
datasets/GS/road/images/street_cam1/TIMELAPSE_0264.JPG datasets/GS/road/images/street_cam1/TIMELAPSE_0266.JPG 0 0 619.886262 0.000000 808.910311 0.000000 619.886262 446.748666 0.000000 0.000000 1.000000 619.886262 0.000000 808.910311 0.000000 619.886262 446.748666 0.000000 0.000000 1.000000 0.991235 -0.011428 -0.131611 -0.082628 0.008670 0.999731 -0.021506 0.098255 0.131822 0.020176 0.991068 1.805498 0.000000 0.000000 0.000000 1.000000
datasets/GS/road/images/street_cam1/TIMELAPSE_0265.JPG datasets/GS/road/images/street_cam1/TIMELAPSE_0267.JPG 0 0 619.886262 0.000000 808.910311 0.000000 619.886262 446.748666 0.000000 0.000000 1.000000 619.886262 0.000000 808.910311 0.000000 619.886262 446.748666 0.000000 0.000000 1.000000 0.839375 0.027506 -0.542856 -0.537883 -0.061682 0.997088 -0.044852 0.086857 0.540042 0.071132 0.838627 1.668232 0.000000 0.000000 0.000000 1.000000
datasets/GS/road/images/street_cam1/TIMELAPSE_0266.JPG datasets/GS/road/images/street_cam1/TIMELAPSE_0268.JPG 0 0 619.886262 0.000000 808.910311 0.000000 619.886262 446.748666 0.000000 0.000000 1.000000 619.886262 0.000000 808.910311 0.000000 619.886262 446.748666 0.000000 0.000000 1.000000 0.525849 0.011147 -0.850505 -0.814590 0.023604 0.999338 0.027691 0.133838 0.850250 -0.034637 0.525238 1.433890 0.000000 0.000000 0.000000 1.000000
datasets/GS/road/images/street_cam1/TIMELAPSE_0267.JPG datasets/GS/road/images/street_cam1/TIMELAPSE_0269.JPG 0 0 619.886262 0.000000 808.910311 0.000000 619.886262 446.748666 0.000000 0.000000 1.000000 619.886262 0.000000 808.910311 0.000000 619.886262 446.748666 0.000000 0.000000 1.000000 0.672926 -0.032713 -0.738986 -0.552786 0.093862 0.994723 0.041438 0.073164 0.733731 -0.097247 0.672445 1.460780 0.000000 0.000000 0.000000 1.000000
datasets/GS/road/images/street_cam1/TIMELAPSE_0268.JPG datasets/GS/road/images/street_cam1/TIMELAPSE_0270.JPG 0 0 619.886262 0.000000 808.910311 0.000000 619.886262 446.748666 0.000000 0.000000 1.000000 619.886262 0.000000 808.910311 0.000000 619.886262 446.748666 0.000000 0.000000 1.000000 0.940812 -0.060060 -0.333566 -0.240033 0.052717 0.998127 -0.031029 0.096430 0.334805 0.011608 0.942216 1.655950 0.000000 0.000000 0.000000 1.000000
datasets/GS/road/images/street_cam1/TIMELAPSE_0269.JPG datasets/GS/road/images/street_cam1/TIMELAPSE_0271.JPG 0 0 619.886262 0.000000 808.910311 0.000000 619.886262 446.748666 0.000000 0.000000 1.000000 619.886262 0.000000 808.910311 0.000000 619.886262 446.748666 0.000000 0.000000 1.000000 0.999245 -0.025005 -0.029723 -0.215781 0.025512 0.999533 0.016797 0.187871 0.029289 -0.017542 0.999417 1.779834 0.000000 0.000000 0.000000 1.000000
datasets/GS/road/images/street_cam1/TIMELAPSE_0270.JPG datasets/GS/road/images/street_cam1/TIMELAPSE_0272.JPG 0 0 619.886262 0.000000 808.910311 0.000000 619.886262 446.748666 0.000000 0.000000 1.000000 619.886262 0.000000 808.910311 0.000000 619.886262 446.748666 0.000000 0.000000 1.000000 0.999917 -0.003763 0.012319 -0.224751 0.003489 0.999748 0.022188 0.114844 -0.012400 -0.022143 0.999678 1.733590 0.000000 0.000000 0.000000 1.000000
datasets/GS/road/images/street_cam1/TIMELAPSE_0271.JPG datasets/GS/road/images/street_cam1/TIMELAPSE_0273.JPG 0 0 619.886262 0.000000 808.910311 0.000000 619.886262 446.748666 0.000000 0.000000 1.000000 619.886262 0.000000 808.910311 0.000000 619.886262 446.748666 0.000000 0.000000 1.000000 0.998457 0.022412 -0.050800 -0.263503 -0.022838 0.999709 -0.007817 0.155271 0.050610 0.008965 0.998678 1.601363 0.000000 0.000000 0.000000 1.000000
datasets/GS/road/images/street_cam1/TIMELAPSE_0272.JPG datasets/GS/road/images/street_cam1/TIMELAPSE_0274.JPG 0 0 619.886262 0.000000 808.910311 0.000000 619.886262 446.748666 0.000000 0.000000 1.000000 619.886262 0.000000 808.910311 0.000000 619.886262 446.748666 0.000000 0.000000 1.000000 0.999368 0.002894 -0.035428 -0.183716 -0.001452 0.999171 0.040681 0.177590 0.035516 -0.040604 0.998544 1.570983 0.000000 0.000000 0.000000 1.000000
datasets/GS/road/images/street_cam1/TIMELAPSE_0273.JPG datasets/GS/road/images/street_cam1/TIMELAPSE_0275.JPG 0 0 619.886262 0.000000 808.910311 0.000000 619.886262 446.748666 0.000000 0.000000 1.000000 619.886262 0.000000 808.910311 0.000000 619.886262 446.748666 0.000000 0.000000 1.000000 0.999913 -0.012046 -0.005430 -0.083250 0.011908 0.999625 -0.024651 0.086805 0.005725 0.024584 0.999681 1.625605 0.000000 0.000000 0.000000 1.000000
datasets/GS/road/images/street_cam1/TIMELAPSE_0274.JPG datasets/GS/road/images/street_cam1/TIMELAPSE_0276.JPG 0 0 619.886262 0.000000 808.910311 0.000000 619.886262 446.748666 0.000000 0.000000 1.000000 619.886262 0.000000 808.910311 0.000000 619.886262 446.748666 0.000000 0.000000 1.000000 0.999796 -0.002255 -0.020072 -0.049965 0.001229 0.998699 -0.050981 0.127566 0.020161 0.050946 0.998498 1.662026 0.000000 0.000000 0.000000 1.000000
datasets/GS/road/images/street_cam1/TIMELAPSE_0275.JPG datasets/GS/road/images/street_cam1/TIMELAPSE_0277.JPG 0 0 619.886262 0.000000 808.910311 0.000000 619.886262 446.748666 0.000000 0.000000 1.000000 619.886262 0.000000 808.910311 0.000000 619.886262 446.748666 0.000000 0.000000 1.000000 0.999986 0.004096 -0.003231 -0.005582 -0.003985 0.999430 0.033528 0.164470 0.003366 -0.033515 0.999433 1.694077 0.000000 0.000000 0.000000 1.000000
datasets/GS/road/images/street_cam1/TIMELAPSE_0276.JPG datasets/GS/road/images/street_cam1/TIMELAPSE_0278.JPG 0 0 619.886262 0.000000 808.910311 0.000000 619.886262 446.748666 0.000000 0.000000 1.000000 619.886262 0.000000 808.910311 0.000000 619.886262 446.748666 0.000000 0.000000 1.000000 0.999774 0.008231 -0.019590 0.051579 -0.007796 0.999723 0.022219 0.126209 0.019768 -0.022061 0.999561 1.680003 0.000000 0.000000 0.000000 1.000000
datasets/GS/road/images/street_cam1/TIMELAPSE_0277.JPG datasets/GS/road/images/street_cam1/TIMELAPSE_0279.JPG 0 0 619.886262 0.000000 808.910311 0.000000 619.886262 446.748666 0.000000 0.000000 1.000000 619.886262 0.000000 808.910311 0.000000 619.886262 446.748666 0.000000 0.000000 1.000000 0.999952 -0.004037 0.008939 0.048836 0.004369 0.999289 -0.037441 0.113936 -0.008781 0.037479 0.999259 1.639683 0.000000 0.000000 0.000000 1.000000
datasets/GS/road/images/street_cam1/TIMELAPSE_0278.JPG datasets/GS/road/images/street_cam1/TIMELAPSE_0280.JPG 0 0 619.886262 0.000000 808.910311 0.000000 619.886262 446.748666 0.000000 0.000000 1.000000 619.886262 0.000000 808.910311 0.000000 619.886262 446.748666 0.000000 0.000000 1.000000 0.996176 -0.023740 0.084087 0.057084 0.022437 0.999614 0.016411 0.186885 -0.084444 -0.014461 0.996323 1.663824 0.000000 0.000000 0.000000 1.000000
datasets/GS/road/images/street_cam1/TIMELAPSE_0279.JPG datasets/GS/road/images/street_cam1/TIMELAPSE_0281.JPG 0 0 619.886262 0.000000 808.910311 0.000000 619.886262 446.748666 0.000000 0.000000 1.000000 619.886262 0.000000 808.910311 0.000000 619.886262 446.748666 0.000000 0.000000 1.000000 0.999948 0.001255 0.010090 0.027389 -0.001417 0.999869 0.016102 0.137717 -0.010068 -0.016116 0.999819 1.691778 0.000000 0.000000 0.000000 1.000000
datasets/GS/road/images/street_cam1/TIMELAPSE_0280.JPG datasets/GS/road/images/street_cam1/TIMELAPSE_0282.JPG 0 0 619.886262 0.000000 808.910311 0.000000 619.886262 446.748666 0.000000 0.000000 1.000000 619.886262 0.000000 808.910311 0.000000 619.886262 446.748666 0.000000 0.000000 1.000000 0.998295 0.050568 -0.029164 -0.015049 -0.051842 0.997653 -0.044739 0.119172 0.026834 0.046174 0.998573 1.752873 0.000000 0.000000 0.000000 1.000000
datasets/GS/road/images/street_cam1/TIMELAPSE_0281.JPG datasets/GS/road/images/street_cam1/TIMELAPSE_0283.JPG 0 0 619.886262 0.000000 808.910311 0.000000 619.886262 446.748666 0.000000 0.000000 1.000000 619.886262 0.000000 808.910311 0.000000 619.886262 446.748666 0.000000 0.000000 1.000000 0.999714 0.016499 0.017319 0.001479 -0.016815 0.999691 0.018305 0.176183 -0.017012 -0.018591 0.999682 1.782703 0.000000 0.000000 0.000000 1.000000
datasets/GS/road/images/street_cam1/TIMELAPSE_0282.JPG datasets/GS/road/images/street_cam1/TIMELAPSE_0284.JPG 0 0 619.886262 0.000000 808.910311 0.000000 619.886262 446.748666 0.000000 0.000000 1.000000 619.886262 0.000000 808.910311 0.000000 619.886262 446.748666 0.000000 0.000000 1.000000 0.999406 -0.027468 -0.020791 0.095598 0.028038 0.999225 0.027627 0.152191 0.020016 -0.028194 0.999402 1.749713 0.000000 0.000000 0.000000 1.000000
datasets/GS/road/images/street_cam1/TIMELAPSE_0283.JPG datasets/GS/road/images/street_cam1/TIMELAPSE_0285.JPG 0 0 619.886262 0.000000 808.910311 0.000000 619.886262 446.748666 0.000000 0.000000 1.000000 619.886262 0.000000 808.910311 0.000000 619.886262 446.748666 0.000000 0.000000 1.000000 0.998666 -0.014659 -0.049514 0.022394 0.014376 0.999878 -0.006066 0.170078 0.049597 0.005346 0.998755 1.755348 0.000000 0.000000 0.000000 1.000000
datasets/GS/road/images/street_cam1/TIMELAPSE_0284.JPG datasets/GS/road/images/street_cam1/TIMELAPSE_0286.JPG 0 0 619.886262 0.000000 808.910311 0.000000 619.886262 446.748666 0.000000 0.000000 1.000000 619.886262 0.000000 808.910311 0.000000 619.886262 446.748666 0.000000 0.000000 1.000000 0.999160 -0.007914 0.040195 0.015229 0.007587 0.999937 0.008273 0.174463 -0.040258 -0.007961 0.999158 1.771096 0.000000 0.000000 0.000000 1.000000
datasets/GS/road/images/street_cam1/TIMELAPSE_0285.JPG datasets/GS/road/images/street_cam1/TIMELAPSE_0287.JPG 0 0 619.886262 0.000000 808.910311 0.000000 619.886262 446.748666 0.000000 0.000000 1.000000 619.886262 0.000000 808.910311 0.000000 619.886262 446.748666 0.000000 0.000000 1.000000 0.996715 0.012131 0.080070 0.044601 -0.009807 0.999521 -0.029347 0.101210 -0.080388 0.028465 0.996357 1.747032 0.000000 0.000000 0.000000 1.000000
datasets/GS/road/images/street_cam1/TIMELAPSE_0286.JPG datasets/GS/road/images/street_cam1/TIMELAPSE_0288.JPG 0 0 619.886262 0.000000 808.910311 0.000000 619.886262 446.748666 0.000000 0.000000 1.000000 619.886262 0.000000 808.910311 0.000000 619.886262 446.748666 0.000000 0.000000 1.000000 0.999529 0.021904 0.021507 0.026859 -0.020690 0.998263 -0.055154 0.078604 -0.022677 0.054683 0.998246 1.706850 0.000000 0.000000 0.000000 1.000000
datasets/GS/road/images/street_cam1/TIMELAPSE_0287.JPG datasets/GS/road/images/street_cam1/TIMELAPSE_0289.JPG 0 0 619.886262 0.000000 808.910311 0.000000 619.886262 446.748666 0.000000 0.000000 1.000000 619.886262 0.000000 808.910311 0.000000 619.886262 446.748666 0.000000 0.000000 1.000000 0.999954 0.008281 0.004821 -0.060935 -0.008125 0.999468 -0.031572 0.067081 -0.005080 0.031531 0.999490 1.724598 0.000000 0.000000 0.000000 1.000000
datasets/GS/road/images/street_cam1/TIMELAPSE_0288.JPG datasets/GS/road/images/street_cam1/TIMELAPSE_0290.JPG 0 0 619.886262 0.000000 808.910311 0.000000 619.886262 446.748666 0.000000 0.000000 1.000000 619.886262 0.000000 808.910311 0.000000 619.886262 446.748666 0.000000 0.000000 1.000000 0.999667 -0.000137 -0.025798 -0.050115 -0.000111 0.999954 -0.009633 0.058898 0.025798 0.009632 0.999621 1.759401 0.000000 0.000000 0.000000 1.000000
datasets/GS/road/images/street_cam1/TIMELAPSE_0289.JPG datasets/GS/road/images/street_cam1/TIMELAPSE_0291.JPG 0 0 619.886262 0.000000 808.910311 0.000000 619.886262 446.748666 0.000000 0.000000 1.000000 619.886262 0.000000 808.910311 0.000000 619.886262 446.748666 0.000000 0.000000 1.000000 0.998466 -0.003489 -0.055266 -0.107425 0.003588 0.999992 0.001690 0.074373 0.055259 -0.001886 0.998470 1.749573 0.000000 0.000000 0.000000 1.000000
datasets/GS/road/images/street_cam1/TIMELAPSE_0290.JPG datasets/GS/road/images/street_cam1/TIMELAPSE_0292.JPG 0 0 619.886262 0.000000 808.910311 0.000000 619.886262 446.748666 0.000000 0.000000 1.000000 619.886262 0.000000 808.910311 0.000000 619.886262 446.748666 0.000000 0.000000 1.000000 0.998366 0.003779 -0.057013 -0.144716 -0.002436 0.999718 0.023604 0.095741 0.057086 -0.023426 0.998094 1.724494 0.000000 0.000000 0.000000 1.000000
datasets/GS/road/images/street_cam1/TIMELAPSE_0291.JPG datasets/GS/road/images/street_cam1/TIMELAPSE_0293.JPG 0 0 619.886262 0.000000 808.910311 0.000000 619.886262 446.748666 0.000000 0.000000 1.000000 619.886262 0.000000 808.910311 0.000000 619.886262 446.748666 0.000000 0.000000 1.000000 0.999899 -0.014143 0.001619 0.054731 0.014147 0.999897 -0.002396 0.045709 -0.001585 0.002418 0.999996 1.669187 0.000000 0.000000 0.000000 1.000000
datasets/GS/road/images/street_cam1/TIMELAPSE_0292.JPG datasets/GS/road/images/street_cam1/TIMELAPSE_0294.JPG 0 0 619.886262 0.000000 808.910311 0.000000 619.886262 446.748666 0.000000 0.000000 1.000000 619.886262 0.000000 808.910311 0.000000 619.886262 446.748666 0.000000 0.000000 1.000000 0.999985 0.002641 0.004725 0.027716 -0.002464 0.999307 -0.037154 0.049150 -0.004820 0.037142 0.999298 1.685206 0.000000 0.000000 0.000000 1.000000
datasets/GS/road/images/street_cam1/TIMELAPSE_0293.JPG datasets/GS/road/images/street_cam1/TIMELAPSE_0295.JPG 0 0 619.886262 0.000000 808.910311 0.000000 619.886262 446.748666 0.000000 0.000000 1.000000 619.886262 0.000000 808.910311 0.000000 619.886262 446.748666 0.000000 0.000000 1.000000 0.999126 -0.006224 -0.041327 -0.048552 0.007027 0.999789 0.019309 0.081157 0.041198 -0.019583 0.998959 1.721312 0.000000 0.000000 0.000000 1.000000
datasets/GS/road/images/street_cam1/TIMELAPSE_0294.JPG datasets/GS/road/images/street_cam1/TIMELAPSE_0296.JPG 0 0 619.886262 0.000000 808.910311 0.000000 619.886262 446.748666 0.000000 0.000000 1.000000 619.886262 0.000000 808.910311 0.000000 619.886262 446.748666 0.000000 0.000000 1.000000 0.999406 -0.011401 -0.032510 0.044834 0.011524 0.999927 0.003622 0.031062 0.032466 -0.003994 0.999465 1.743744 0.000000 0.000000 0.000000 1.000000
datasets/GS/road/images/street_cam1/TIMELAPSE_0295.JPG datasets/GS/road/images/street_cam1/TIMELAPSE_0297.JPG 0 0 619.886262 0.000000 808.910311 0.000000 619.886262 446.748666 0.000000 0.000000 1.000000 619.886262 0.000000 808.910311 0.000000 619.886262 446.748666 0.000000 0.000000 1.000000 0.999719 0.009704 -0.021615 0.050943 -0.010337 0.999515 -0.029366 0.068620 0.021319 0.029581 0.999335 1.778840 0.000000 0.000000 0.000000 1.000000
datasets/GS/road/images/street_cam1/TIMELAPSE_0296.JPG datasets/GS/road/images/street_cam1/TIMELAPSE_0298.JPG 0 0 619.886262 0.000000 808.910311 0.000000 619.886262 446.748666 0.000000 0.000000 1.000000 619.886262 0.000000 808.910311 0.000000 619.886262 446.748666 0.000000 0.000000 1.000000 0.999915 -0.008377 0.009941 0.056255 0.007813 0.998429 0.055488 0.142086 -0.010390 -0.055405 0.998410 1.744779 0.000000 0.000000 0.000000 1.000000
datasets/GS/road/images/street_cam1/TIMELAPSE_0297.JPG datasets/GS/road/images/street_cam1/TIMELAPSE_0299.JPG 0 0 619.886262 0.000000 808.910311 0.000000 619.886262 446.748666 0.000000 0.000000 1.000000 619.886262 0.000000 808.910311 0.000000 619.886262 446.748666 0.000000 0.000000 1.000000 0.997590 -0.006936 0.069044 0.171950 0.007070 0.999974 -0.001696 0.030805 -0.069030 0.002180 0.997612 1.739799 0.000000 0.000000 0.000000 1.000000
datasets/GS/road/images/street_cam1/TIMELAPSE_0298.JPG datasets/GS/road/images/street_cam1/TIMELAPSE_0300.JPG 0 0 619.886262 0.000000 808.910311 0.000000 619.886262 446.748666 0.000000 0.000000 1.000000 619.886262 0.000000 808.910311 0.000000 619.886262 446.748666 0.000000 0.000000 1.000000 0.996483 0.011864 0.082949 0.083011 -0.007562 0.998619 -0.051987 0.062672 -0.083452 0.051177 0.995197 1.733802 0.000000 0.000000 0.000000 1.000000
datasets/GS/road/images/street_cam1/TIMELAPSE_0299.JPG datasets/GS/road/images/street_cam1/TIMELAPSE_0301.JPG 0 0 619.886262 0.000000 808.910311 0.000000 619.886262 446.748666 0.000000 0.000000 1.000000 619.886262 0.000000 808.910311 0.000000 619.886262 446.748666 0.000000 0.000000 1.000000 0.999345 0.012977 0.033766 -0.111819 -0.013816 0.999599 0.024736 0.067727 -0.033432 -0.025187 0.999124 1.699909 0.000000 0.000000 0.000000 1.000000
datasets/GS/road/images/street_cam1/TIMELAPSE_0300.JPG datasets/GS/road/images/street_cam1/TIMELAPSE_0302.JPG 0 0 619.886262 0.000000 808.910311 0.000000 619.886262 446.748666 0.000000 0.000000 1.000000 619.886262 0.000000 808.910311 0.000000 619.886262 446.748666 0.000000 0.000000 1.000000 0.999003 0.015448 -0.041892 -0.057622 -0.016320 0.999656 -0.020545 -0.016544 0.041560 0.021208 0.998911 1.696879 0.000000 0.000000 0.000000 1.000000
datasets/GS/road/images/street_cam1/TIMELAPSE_0301.JPG datasets/GS/road/images/street_cam1/TIMELAPSE_0303.JPG 0 0 619.886262 0.000000 808.910311 0.000000 619.886262 446.748666 0.000000 0.000000 1.000000 619.886262 0.000000 808.910311 0.000000 619.886262 446.748666 0.000000 0.000000 1.000000 0.994657 0.010055 -0.102740 0.002003 -0.011700 0.999813 -0.015418 0.064962 0.102566 0.016537 0.994589 1.713531 0.000000 0.000000 0.000000 1.000000
datasets/GS/road/images/street_cam1/TIMELAPSE_0302.JPG datasets/GS/road/images/street_cam1/TIMELAPSE_0304.JPG 0 0 619.886262 0.000000 808.910311 0.000000 619.886262 446.748666 0.000000 0.000000 1.000000 619.886262 0.000000 808.910311 0.000000 619.886262 446.748666 0.000000 0.000000 1.000000 0.999683 -0.016457 -0.019073 0.056731 0.017400 0.998578 0.050398 0.126153 0.018216 -0.050714 0.998547 1.707957 0.000000 0.000000 0.000000 1.000000
datasets/GS/road/images/street_cam1/TIMELAPSE_0303.JPG datasets/GS/road/images/street_cam1/TIMELAPSE_0305.JPG 0 0 619.886262 0.000000 808.910311 0.000000 619.886262 446.748666 0.000000 0.000000 1.000000 619.886262 0.000000 808.910311 0.000000 619.886262 446.748666 0.000000 0.000000 1.000000 0.999416 0.001531 0.034135 0.064277 -0.001368 0.999988 -0.004789 0.035454 -0.034142 0.004739 0.999406 1.720005 0.000000 0.000000 0.000000 1.000000
datasets/GS/road/images/street_cam1/TIMELAPSE_0304.JPG datasets/GS/road/images/street_cam1/TIMELAPSE_0306.JPG 0 0 619.886262 0.000000 808.910311 0.000000 619.886262 446.748666 0.000000 0.000000 1.000000 619.886262 0.000000 808.910311 0.000000 619.886262 446.748666 0.000000 0.000000 1.000000 0.998609 0.027803 -0.044799 -0.030460 -0.027316 0.999561 0.011443 0.105333 0.045097 -0.010204 0.998930 1.718773 0.000000 0.000000 0.000000 1.000000
datasets/GS/road/images/street_cam1/TIMELAPSE_0305.JPG datasets/GS/road/images/street_cam1/TIMELAPSE_0307.JPG 0 0 619.886262 0.000000 808.910311 0.000000 619.886262 446.748666 0.000000 0.000000 1.000000 619.886262 0.000000 808.910311 0.000000 619.886262 446.748666 0.000000 0.000000 1.000000 0.999978 -0.002186 -0.006236 -0.074882 0.002554 0.998216 0.059645 0.159831 0.006095 -0.059659 0.998200 1.682875 0.000000 0.000000 0.000000 1.000000
datasets/GS/road/images/street_cam1/TIMELAPSE_0306.JPG datasets/GS/road/images/street_cam1/TIMELAPSE_0308.JPG 0 0 619.886262 0.000000 808.910311 0.000000 619.886262 446.748666 0.000000 0.000000 1.000000 619.886262 0.000000 808.910311 0.000000 619.886262 446.748666 0.000000 0.000000 1.000000 0.998196 -0.011988 0.058831 -0.014209 0.014397 0.999067 -0.040707 0.042612 -0.058288 0.041481 0.997438 1.678375 0.000000 0.000000 0.000000 1.000000
datasets/GS/road/images/street_cam1/TIMELAPSE_0307.JPG datasets/GS/road/images/street_cam1/TIMELAPSE_0309.JPG 0 0 619.886262 0.000000 808.910311 0.000000 619.886262 446.748666 0.000000 0.000000 1.000000 619.886262 0.000000 808.910311 0.000000 619.886262 446.748666 0.000000 0.000000 1.000000 0.999844 -0.007911 -0.015765 -0.074883 0.007803 0.999946 -0.006893 0.122050 0.015819 0.006769 0.999852 1.634835 0.000000 0.000000 0.000000 1.000000
datasets/GS/road/images/street_cam1/TIMELAPSE_0308.JPG datasets/GS/road/images/street_cam1/TIMELAPSE_0310.JPG 0 0 619.886262 0.000000 808.910311 0.000000 619.886262 446.748666 0.000000 0.000000 1.000000 619.886262 0.000000 808.910311 0.000000 619.886262 446.748666 0.000000 0.000000 1.000000 0.998886 -0.001714 -0.047160 -0.054027 0.003145 0.999536 0.030282 0.090941 0.047086 -0.030396 0.998428 1.620174 0.000000 0.000000 0.000000 1.000000
datasets/GS/road/images/street_cam1/TIMELAPSE_0309.JPG datasets/GS/road/images/street_cam1/TIMELAPSE_0311.JPG 0 0 619.886262 0.000000 808.910311 0.000000 619.886262 446.748666 0.000000 0.000000 1.000000 619.886262 0.000000 808.910311 0.000000 619.886262 446.748666 0.000000 0.000000 1.000000 0.999479 0.015799 0.028147 0.061816 -0.014354 0.998604 -0.050826 0.030152 -0.028910 0.050396 0.998311 1.641739 0.000000 0.000000 0.000000 1.000000
datasets/GS/road/images/street_cam1/TIMELAPSE_0310.JPG datasets/GS/road/images/street_cam1/TIMELAPSE_0312.JPG 0 0 619.886262 0.000000 808.910311 0.000000 619.886262 446.748666 0.000000 0.000000 1.000000 619.886262 0.000000 808.910311 0.000000 619.886262 446.748666 0.000000 0.000000 1.000000 0.999955 -0.007501 0.005764 -0.013000 0.007665 0.999546 -0.029124 0.044199 -0.005543 0.029167 0.999559 1.586231 0.000000 0.000000 0.000000 1.000000
datasets/GS/road/images/street_cam1/TIMELAPSE_0311.JPG datasets/GS/road/images/street_cam1/TIMELAPSE_0313.JPG 0 0 619.886262 0.000000 808.910311 0.000000 619.886262 446.748666 0.000000 0.000000 1.000000 619.886262 0.000000 808.910311 0.000000 619.886262 446.748666 0.000000 0.000000 1.000000 0.999902 -0.013773 -0.002594 0.029116 0.013846 0.999438 0.030525 0.080645 0.002173 -0.030558 0.999531 1.582115 0.000000 0.000000 0.000000 1.000000
datasets/GS/road/images/street_cam1/TIMELAPSE_0312.JPG datasets/GS/road/images/street_cam1/TIMELAPSE_0314.JPG 0 0 619.886262 0.000000 808.910311 0.000000 619.886262 446.748666 0.000000 0.000000 1.000000 619.886262 0.000000 808.910311 0.000000 619.886262 446.748666 0.000000 0.000000 1.000000 0.998879 0.026727 0.039079 0.090007 -0.026272 0.999581 -0.012114 0.011690 -0.039386 0.011074 0.999163 1.650600 0.000000 0.000000 0.000000 1.000000
datasets/GS/road/images/street_cam1/TIMELAPSE_0313.JPG datasets/GS/road/images/street_cam1/TIMELAPSE_0315.JPG 0 0 619.886262 0.000000 808.910311 0.000000 619.886262 446.748666 0.000000 0.000000 1.000000 619.886262 0.000000 808.910311 0.000000 619.886262 446.748666 0.000000 0.000000 1.000000 0.999999 -0.001242 -0.000932 0.006656 0.001221 0.999748 -0.022423 0.085381 0.000960 0.022421 0.999748 1.710940 0.000000 0.000000 0.000000 1.000000
datasets/GS/road/images/street_cam1/TIMELAPSE_0314.JPG datasets/GS/road/images/street_cam1/TIMELAPSE_0316.JPG 0 0 619.886262 0.000000 808.910311 0.000000 619.886262 446.748666 0.000000 0.000000 1.000000 619.886262 0.000000 808.910311 0.000000 619.886262 446.748666 0.000000 0.000000 1.000000 0.998366 -0.023817 -0.051949 -0.081714 0.026918 0.997846 0.059828 0.123171 0.050412 -0.061128 0.996856 1.685436 0.000000 0.000000 0.000000 1.000000
datasets/GS/road/images/street_cam1/TIMELAPSE_0315.JPG datasets/GS/road/images/street_cam1/TIMELAPSE_0317.JPG 0 0 619.886262 0.000000 808.910311 0.000000 619.886262 446.748666 0.000000 0.000000 1.000000 619.886262 0.000000 808.910311 0.000000 619.886262 446.748666 0.000000 0.000000 1.000000 0.999895 -0.012119 -0.007947 -0.012614 0.012199 0.999875 0.010052 0.055556 0.007824 -0.010148 0.999918 1.646191 0.000000 0.000000 0.000000 1.000000
datasets/GS/road/images/street_cam1/TIMELAPSE_0316.JPG datasets/GS/road/images/street_cam1/TIMELAPSE_0318.JPG 0 0 619.886262 0.000000 808.910311 0.000000 619.886262 446.748666 0.000000 0.000000 1.000000 619.886262 0.000000 808.910311 0.000000 619.886262 446.748666 0.000000 0.000000 1.000000 0.998547 -0.027203 0.046517 -0.016887 0.029882 0.997875 -0.057893 0.058662 -0.044843 0.059198 0.997238 1.638271 0.000000 0.000000 0.000000 1.000000
datasets/GS/road/images/street_cam1/TIMELAPSE_0317.JPG datasets/GS/road/images/street_cam1/TIMELAPSE_0319.JPG 0 0 619.886262 0.000000 808.910311 0.000000 619.886262 446.748666 0.000000 0.000000 1.000000 619.886262 0.000000 808.910311 0.000000 619.886262 446.748666 0.000000 0.000000 1.000000 0.999764 -0.015458 0.015272 -0.026031 0.015718 0.999731 -0.017050 0.061674 -0.015005 0.017286 0.999738 1.657026 0.000000 0.000000 0.000000 1.000000
datasets/GS/road/images/street_cam1/TIMELAPSE_0318.JPG datasets/GS/road/images/street_cam1/TIMELAPSE_0320.JPG 0 0 619.886262 0.000000 808.910311 0.000000 619.886262 446.748666 0.000000 0.000000 1.000000 619.886262 0.000000 808.910311 0.000000 619.886262 446.748666 0.000000 0.000000 1.000000 0.999629 0.020230 -0.018212 0.016224 -0.019319 0.998619 0.048864 0.075113 0.019175 -0.048494 0.998639 1.663014 0.000000 0.000000 0.000000 1.000000
datasets/GS/road/images/street_cam1/TIMELAPSE_0319.JPG datasets/GS/road/images/street_cam1/TIMELAPSE_0321.JPG 0 0 619.886262 0.000000 808.910311 0.000000 619.886262 446.748666 0.000000 0.000000 1.000000 619.886262 0.000000 808.910311 0.000000 619.886262 446.748666 0.000000 0.000000 1.000000 0.997972 0.014878 -0.061885 -0.114206 -0.014117 0.999820 0.012707 0.064719 0.062063 -0.011808 0.998002 1.649365 0.000000 0.000000 0.000000 1.000000
datasets/GS/road/images/street_cam1/TIMELAPSE_0320.JPG datasets/GS/road/images/street_cam1/TIMELAPSE_0322.JPG 0 0 619.886262 0.000000 808.910311 0.000000 619.886262 446.748666 0.000000 0.000000 1.000000 619.886262 0.000000 808.910311 0.000000 619.886262 446.748666 0.000000 0.000000 1.000000 0.999918 -0.011460 -0.005801 -0.071573 0.011451 0.999933 -0.001574 0.115647 0.005819 0.001508 0.999982 1.691082 0.000000 0.000000 0.000000 1.000000
datasets/GS/road/images/street_cam1/TIMELAPSE_0321.JPG datasets/GS/road/images/street_cam1/TIMELAPSE_0323.JPG 0 0 619.886262 0.000000 808.910311 0.000000 619.886262 446.748666 0.000000 0.000000 1.000000 619.886262 0.000000 808.910311 0.000000 619.886262 446.748666 0.000000 0.000000 1.000000 0.998623 -0.006049 0.052104 -0.004067 0.004722 0.999662 0.025555 0.097525 -0.052241 -0.025274 0.998315 1.680638 0.000000 0.000000 0.000000 1.000000
datasets/GS/road/images/street_cam1/TIMELAPSE_0322.JPG datasets/GS/road/images/street_cam1/TIMELAPSE_0324.JPG 0 0 619.886262 0.000000 808.910311 0.000000 619.886262 446.748666 0.000000 0.000000 1.000000 619.886262 0.000000 808.910311 0.000000 619.886262 446.748666 0.000000 0.000000 1.000000 0.999917 0.010121 -0.007940 -0.073178 -0.010360 0.999478 -0.030599 0.070121 0.007626 0.030679 0.999500 1.691922 0.000000 0.000000 0.000000 1.000000
datasets/GS/road/images/street_cam1/TIMELAPSE_0323.JPG datasets/GS/road/images/street_cam1/TIMELAPSE_0325.JPG 0 0 619.886262 0.000000 808.910311 0.000000 619.886262 446.748666 0.000000 0.000000 1.000000 619.886262 0.000000 808.910311 0.000000 619.886262 446.748666 0.000000 0.000000 1.000000 0.999916 -0.011571 0.005830 0.008075 0.011565 0.999932 0.001132 0.129360 -0.005843 -0.001064 0.999982 1.735961 0.000000 0.000000 0.000000 1.000000
datasets/GS/road/images/street_cam1/TIMELAPSE_0324.JPG datasets/GS/road/images/street_cam1/TIMELAPSE_0326.JPG 0 0 619.886262 0.000000 808.910311 0.000000 619.886262 446.748666 0.000000 0.000000 1.000000 619.886262 0.000000 808.910311 0.000000 619.886262 446.748666 0.000000 0.000000 1.000000 0.998855 -0.003466 0.047705 0.178865 0.003434 0.999994 0.000746 0.049607 -0.047707 -0.000581 0.998861 1.697383 0.000000 0.000000 0.000000 1.000000
datasets/GS/road/images/street_cam1/TIMELAPSE_0325.JPG datasets/GS/road/images/street_cam1/TIMELAPSE_0327.JPG 0 0 619.886262 0.000000 808.910311 0.000000 619.886262 446.748666 0.000000 0.000000 1.000000 619.886262 0.000000 808.910311 0.000000 619.886262 446.748666 0.000000 0.000000 1.000000 0.999157 0.022974 0.034020 0.161239 -0.023280 0.999692 0.008642 0.142195 -0.033810 -0.009427 0.999384 1.711044 0.000000 0.000000 0.000000 1.000000
datasets/GS/road/images/street_cam1/TIMELAPSE_0326.JPG datasets/GS/road/images/street_cam1/TIMELAPSE_0328.JPG 0 0 619.886262 0.000000 808.910311 0.000000 619.886262 446.748666 0.000000 0.000000 1.000000 619.886262 0.000000 808.910311 0.000000 619.886262 446.748666 0.000000 0.000000 1.000000 0.999901 0.013850 -0.002541 0.003990 -0.013706 0.998660 0.049903 0.162268 0.003229 -0.049864 0.998751 1.775705 0.000000 0.000000 0.000000 1.000000
datasets/GS/road/images/street_cam1/TIMELAPSE_0327.JPG datasets/GS/road/images/street_cam1/TIMELAPSE_0329.JPG 0 0 619.886262 0.000000 808.910311 0.000000 619.886262 446.748666 0.000000 0.000000 1.000000 619.886262 0.000000 808.910311 0.000000 619.886262 446.748666 0.000000 0.000000 1.000000 0.999838 0.003417 -0.017692 -0.032440 -0.003413 0.999994 0.000230 0.116614 0.017693 -0.000170 0.999843 1.747801 0.000000 0.000000 0.000000 1.000000
datasets/GS/road/images/street_cam1/TIMELAPSE_0328.JPG datasets/GS/road/images/street_cam1/TIMELAPSE_0330.JPG 0 0 619.886262 0.000000 808.910311 0.000000 619.886262 446.748666 0.000000 0.000000 1.000000 619.886262 0.000000 808.910311 0.000000 619.886262 446.748666 0.000000 0.000000 1.000000 0.999282 -0.015177 -0.034726 -0.143595 0.014593 0.999749 -0.017026 0.109108 0.034975 0.016507 0.999252 1.686425 0.000000 0.000000 0.000000 1.000000
datasets/GS/road/images/street_cam1/TIMELAPSE_0329.JPG datasets/GS/road/images/street_cam1/TIMELAPSE_0331.JPG 0 0 619.886262 0.000000 808.910311 0.000000 619.886262 446.748666 0.000000 0.000000 1.000000 619.886262 0.000000 808.910311 0.000000 619.886262 446.748666 0.000000 0.000000 1.000000 0.999165 -0.021418 -0.034801 -0.146200 0.021603 0.999754 0.004967 0.136451 0.034686 -0.005714 0.999382 1.680737 0.000000 0.000000 0.000000 1.000000
datasets/GS/road/images/street_cam1/TIMELAPSE_0330.JPG datasets/GS/road/images/street_cam1/TIMELAPSE_0332.JPG 0 0 619.886262 0.000000 808.910311 0.000000 619.886262 446.748666 0.000000 0.000000 1.000000 619.886262 0.000000 808.910311 0.000000 619.886262 446.748666 0.000000 0.000000 1.000000 0.999127 -0.003807 0.041596 0.096704 0.005038 0.999551 -0.029527 0.062864 -0.041465 0.029711 0.998698 1.707569 0.000000 0.000000 0.000000 1.000000
datasets/GS/road/images/street_cam1/TIMELAPSE_0331.JPG datasets/GS/road/images/street_cam1/TIMELAPSE_0333.JPG 0 0 619.886262 0.000000 808.910311 0.000000 619.886262 446.748666 0.000000 0.000000 1.000000 619.886262 0.000000 808.910311 0.000000 619.886262 446.748666 0.000000 0.000000 1.000000 0.999584 0.004524 0.028485 0.075044 -0.003266 0.999023 -0.044062 0.084506 -0.028656 0.043951 0.998623 1.710525 0.000000 0.000000 0.000000 1.000000
datasets/GS/road/images/street_cam1/TIMELAPSE_0332.JPG datasets/GS/road/images/street_cam1/TIMELAPSE_0334.JPG 0 0 619.886262 0.000000 808.910311 0.000000 619.886262 446.748666 0.000000 0.000000 1.000000 619.886262 0.000000 808.910311 0.000000 619.886262 446.748666 0.000000 0.000000 1.000000 0.999902 0.009563 0.010201 0.008172 -0.009863 0.999510 0.029698 0.117033 -0.009912 -0.029796 0.999507 1.677875 0.000000 0.000000 0.000000 1.000000
datasets/GS/road/images/street_cam1/TIMELAPSE_0333.JPG datasets/GS/road/images/street_cam1/TIMELAPSE_0335.JPG 0 0 619.886262 0.000000 808.910311 0.000000 619.886262 446.748666 0.000000 0.000000 1.000000 619.886262 0.000000 808.910311 0.000000 619.886262 446.748666 0.000000 0.000000 1.000000 0.999620 0.008694 0.026153 0.062361 -0.011414 0.994327 0.105748 0.193024 -0.025086 -0.106006 0.994049 1.618637 0.000000 0.000000 0.000000 1.000000
datasets/GS/road/images/street_cam1/TIMELAPSE_0334.JPG datasets/GS/road/images/street_cam1/TIMELAPSE_0336.JPG 0 0 619.886262 0.000000 808.910311 0.000000 619.886262 446.748666 0.000000 0.000000 1.000000 619.886262 0.000000 808.910311 0.000000 619.886262 446.748666 0.000000 0.000000 1.000000 0.997269 0.007701 -0.073451 0.004379 -0.006768 0.999893 0.012941 0.135813 0.073543 -0.012409 0.997215 1.613242 0.000000 0.000000 0.000000 1.000000
datasets/GS/road/images/street_cam1/TIMELAPSE_0335.JPG datasets/GS/road/images/street_cam1/TIMELAPSE_0337.JPG 0 0 619.886262 0.000000 808.910311 0.000000 619.886262 446.748666 0.000000 0.000000 1.000000 619.886262 0.000000 808.910311 0.000000 619.886262 446.748666 0.000000 0.000000 1.000000 0.997792 -0.024212 -0.061848 0.013367 0.016401 0.992169 -0.123825 0.067872 0.064361 0.122537 0.990375 1.603455 0.000000 0.000000 0.000000 1.000000
datasets/GS/road/images/street_cam1/TIMELAPSE_0336.JPG datasets/GS/road/images/street_cam1/TIMELAPSE_0338.JPG 0 0 619.886262 0.000000 808.910311 0.000000 619.886262 446.748666 0.000000 0.000000 1.000000 619.886262 0.000000 808.910311 0.000000 619.886262 446.748666 0.000000 0.000000 1.000000 0.999039 -0.021019 0.038473 0.132598 0.024840 0.994503 -0.101718 -0.031608 -0.036123 0.102576 0.994069 1.615598 0.000000 0.000000 0.000000 1.000000
datasets/GS/road/images/street_cam1/TIMELAPSE_0337.JPG datasets/GS/road/images/street_cam1/TIMELAPSE_0339.JPG 0 0 619.886262 0.000000 808.910311 0.000000 619.886262 446.748666 0.000000 0.000000 1.000000 619.886262 0.000000 808.910311 0.000000 619.886262 446.748666 0.000000 0.000000 1.000000 0.999981 0.001657 -0.005936 0.074189 -0.001856 0.999433 -0.033606 -0.001987 0.005877 0.033616 0.999418 1.664164 0.000000 0.000000 0.000000 1.000000
datasets/GS/road/images/street_cam1/TIMELAPSE_0338.JPG datasets/GS/road/images/street_cam1/TIMELAPSE_0340.JPG 0 0 619.886262 0.000000 808.910311 0.000000 619.886262 446.748666 0.000000 0.000000 1.000000 619.886262 0.000000 808.910311 0.000000 619.886262 446.748666 0.000000 0.000000 1.000000 0.999491 0.011343 -0.029826 0.022230 -0.009405 0.997884 0.064330 0.061599 0.030493 -0.064017 0.997483 1.612125 0.000000 0.000000 0.000000 1.000000
datasets/GS/road/images/street_cam1/TIMELAPSE_0339.JPG datasets/GS/road/images/street_cam1/TIMELAPSE_0341.JPG 0 0 619.886262 0.000000 808.910311 0.000000 619.886262 446.748666 0.000000 0.000000 1.000000 619.886262 0.000000 808.910311 0.000000 619.886262 446.748666 0.000000 0.000000 1.000000 0.999240 0.011994 0.037080 0.017938 -0.012848 0.999656 0.022870 -0.000223 -0.036793 -0.023329 0.999051 1.590040 0.000000 0.000000 0.000000 1.000000
datasets/GS/road/images/street_cam1/TIMELAPSE_0340.JPG datasets/GS/road/images/street_cam1/TIMELAPSE_0342.JPG 0 0 619.886262 0.000000 808.910311 0.000000 619.886262 446.748666 0.000000 0.000000 1.000000 619.886262 0.000000 808.910311 0.000000 619.886262 446.748666 0.000000 0.000000 1.000000 0.999890 0.000087 0.014802 -0.131368 0.000354 0.999556 -0.029783 0.027190 -0.014798 0.029785 0.999447 1.573168 0.000000 0.000000 0.000000 1.000000
datasets/GS/road/images/street_cam1/TIMELAPSE_0341.JPG datasets/GS/road/images/street_cam1/TIMELAPSE_0343.JPG 0 0 619.886262 0.000000 808.910311 0.000000 619.886262 446.748666 0.000000 0.000000 1.000000 619.886262 0.000000 808.910311 0.000000 619.886262 446.748666 0.000000 0.000000 1.000000 0.999940 -0.006683 -0.008634 -0.123490 0.006520 0.999802 -0.018813 -0.009138 0.008758 0.018755 0.999786 1.524671 0.000000 0.000000 0.000000 1.000000
datasets/GS/road/images/street_cam1/TIMELAPSE_0342.JPG datasets/GS/road/images/street_cam1/TIMELAPSE_0344.JPG 0 0 619.886262 0.000000 808.910311 0.000000 619.886262 446.748666 0.000000 0.000000 1.000000 619.886262 0.000000 808.910311 0.000000 619.886262 446.748666 0.000000 0.000000 1.000000 0.999761 -0.003700 -0.021539 -0.064028 0.003588 0.999980 -0.005241 -0.007987 0.021558 0.005162 0.999754 1.522700 0.000000 0.000000 0.000000 1.000000
datasets/GS/road/images/street_cam1/TIMELAPSE_0343.JPG datasets/GS/road/images/street_cam1/TIMELAPSE_0345.JPG 0 0 619.886262 0.000000 808.910311 0.000000 619.886262 446.748666 0.000000 0.000000 1.000000 619.886262 0.000000 808.910311 0.000000 619.886262 446.748666 0.000000 0.000000 1.000000 0.999863 0.005637 -0.015591 -0.054934 -0.004914 0.998929 0.046017 0.037870 0.015834 -0.045934 0.998819 1.541587 0.000000 0.000000 0.000000 1.000000
datasets/GS/road/images/street_cam1/TIMELAPSE_0344.JPG datasets/GS/road/images/street_cam1/TIMELAPSE_0346.JPG 0 0 619.886262 0.000000 808.910311 0.000000 619.886262 446.748666 0.000000 0.000000 1.000000 619.886262 0.000000 808.910311 0.000000 619.886262 446.748666 0.000000 0.000000 1.000000 0.999024 -0.009214 0.043209 -0.022198 0.006879 0.998524 0.053874 0.114523 -0.043642 -0.053525 0.997612 1.618400 0.000000 0.000000 0.000000 1.000000
datasets/GS/road/images/street_cam1/TIMELAPSE_0345.JPG datasets/GS/road/images/street_cam1/TIMELAPSE_0347.JPG 0 0 619.886262 0.000000 808.910311 0.000000 619.886262 446.748666 0.000000 0.000000 1.000000 619.886262 0.000000 808.910311 0.000000 619.886262 446.748666 0.000000 0.000000 1.000000 0.999069 0.003131 -0.043037 -0.060290 -0.001256 0.999052 0.043526 0.136658 0.043132 -0.043431 0.998125 1.645770 0.000000 0.000000 0.000000 1.000000
datasets/GS/road/images/street_cam1/TIMELAPSE_0346.JPG datasets/GS/road/images/street_cam1/TIMELAPSE_0348.JPG 0 0 619.886262 0.000000 808.910311 0.000000 619.886262 446.748666 0.000000 0.000000 1.000000 619.886262 0.000000 808.910311 0.000000 619.886262 446.748666 0.000000 0.000000 1.000000 0.999411 0.013662 -0.031474 -0.021606 -0.012846 0.999579 0.026008 0.124726 0.031817 -0.025588 0.999166 1.606847 0.000000 0.000000 0.000000 1.000000
datasets/GS/road/images/street_cam1/TIMELAPSE_0347.JPG datasets/GS/road/images/street_cam1/TIMELAPSE_0349.JPG 0 0 619.886262 0.000000 808.910311 0.000000 619.886262 446.748666 0.000000 0.000000 1.000000 619.886262 0.000000 808.910311 0.000000 619.886262 446.748666 0.000000 0.000000 1.000000 0.998686 -0.009546 0.050358 0.003002 0.010887 0.999592 -0.026411 0.089940 -0.050086 0.026925 0.998382 1.624623 0.000000 0.000000 0.000000 1.000000
datasets/GS/road/images/street_cam1/TIMELAPSE_0348.JPG datasets/GS/road/images/street_cam1/TIMELAPSE_0350.JPG 0 0 619.886262 0.000000 808.910311 0.000000 619.886262 446.748666 0.000000 0.000000 1.000000 619.886262 0.000000 808.910311 0.000000 619.886262 446.748666 0.000000 0.000000 1.000000 0.999643 -0.023866 -0.012045 0.089743 0.023286 0.998660 -0.046221 0.062570 0.013132 0.045924 0.998859 1.625187 0.000000 0.000000 0.000000 1.000000
datasets/GS/road/images/street_cam1/TIMELAPSE_0349.JPG datasets/GS/road/images/street_cam1/TIMELAPSE_0351.JPG 0 0 619.886262 0.000000 808.910311 0.000000 619.886262 446.748666 0.000000 0.000000 1.000000 619.886262 0.000000 808.910311 0.000000 619.886262 446.748666 0.000000 0.000000 1.000000 0.999604 -0.024819 -0.013259 0.054245 0.024950 0.999641 0.009804 0.097414 0.013011 -0.010131 0.999864 1.582313 0.000000 0.000000 0.000000 1.000000
datasets/GS/road/images/street_cam1/TIMELAPSE_0350.JPG datasets/GS/road/images/street_cam1/TIMELAPSE_0352.JPG 0 0 619.886262 0.000000 808.910311 0.000000 619.886262 446.748666 0.000000 0.000000 1.000000 619.886262 0.000000 808.910311 0.000000 619.886262 446.748666 0.000000 0.000000 1.000000 0.999992 -0.003014 0.002760 0.003866 0.002979 0.999916 0.012630 0.102384 -0.002798 -0.012622 0.999916 1.637158 0.000000 0.000000 0.000000 1.000000
datasets/GS/road/images/street_cam1/TIMELAPSE_0351.JPG datasets/GS/road/images/street_cam1/TIMELAPSE_0353.JPG 0 0 619.886262 0.000000 808.910311 0.000000 619.886262 446.748666 0.000000 0.000000 1.000000 619.886262 0.000000 808.910311 0.000000 619.886262 446.748666 0.000000 0.000000 1.000000 0.999649 0.023642 -0.011920 0.048367 -0.022775 0.997405 0.068301 0.216395 0.013504 -0.068005 0.997594 1.659824 0.000000 0.000000 0.000000 1.000000
datasets/GS/road/images/street_cam1/TIMELAPSE_0352.JPG datasets/GS/road/images/street_cam1/TIMELAPSE_0354.JPG 0 0 619.886262 0.000000 808.910311 0.000000 619.886262 446.748666 0.000000 0.000000 1.000000 619.886262 0.000000 808.910311 0.000000 619.886262 446.748666 0.000000 0.000000 1.000000 0.998595 0.037399 0.037553 0.020715 -0.039422 0.997727 0.054648 0.168299 -0.035424 -0.056052 0.997799 1.623361 0.000000 0.000000 0.000000 1.000000
datasets/GS/road/images/street_cam1/TIMELAPSE_0353.JPG datasets/GS/road/images/street_cam1/TIMELAPSE_0355.JPG 0 0 619.886262 0.000000 808.910311 0.000000 619.886262 446.748666 0.000000 0.000000 1.000000 619.886262 0.000000 808.910311 0.000000 619.886262 446.748666 0.000000 0.000000 1.000000 0.997913 0.010268 0.063754 -0.054297 -0.008646 0.999633 -0.025656 0.183230 -0.063994 0.025051 0.997636 1.639569 0.000000 0.000000 0.000000 1.000000
datasets/GS/road/images/street_cam1/TIMELAPSE_0354.JPG datasets/GS/road/images/street_cam1/TIMELAPSE_0356.JPG 0 0 619.886262 0.000000 808.910311 0.000000 619.886262 446.748666 0.000000 0.000000 1.000000 619.886262 0.000000 808.910311 0.000000 619.886262 446.748666 0.000000 0.000000 1.000000 0.999403 -0.030806 -0.015650 -0.088113 0.031561 0.998222 0.050557 0.238280 0.014065 -0.051020 0.998599 1.616568 0.000000 0.000000 0.000000 1.000000
datasets/GS/road/images/street_cam1/TIMELAPSE_0355.JPG datasets/GS/road/images/street_cam1/TIMELAPSE_0357.JPG 0 0 619.886262 0.000000 808.910311 0.000000 619.886262 446.748666 0.000000 0.000000 1.000000 619.886262 0.000000 808.910311 0.000000 619.886262 446.748666 0.000000 0.000000 1.000000 0.996748 -0.005937 -0.080366 -0.115587 0.004429 0.999811 -0.018925 0.144589 0.080464 0.018508 0.996586 1.685595 0.000000 0.000000 0.000000 1.000000
datasets/GS/road/images/street_cam1/TIMELAPSE_0356.JPG datasets/GS/road/images/street_cam1/TIMELAPSE_0358.JPG 0 0 619.886262 0.000000 808.910311 0.000000 619.886262 446.748666 0.000000 0.000000 1.000000 619.886262 0.000000 808.910311 0.000000 619.886262 446.748666 0.000000 0.000000 1.000000 0.999916 0.006419 0.011269 0.013569 -0.005433 0.996328 -0.085451 0.143436 -0.011776 0.085382 0.996279 1.794934 0.000000 0.000000 0.000000 1.000000
datasets/GS/road/images/street_cam1/TIMELAPSE_0357.JPG datasets/GS/road/images/street_cam1/TIMELAPSE_0359.JPG 0 0 619.886262 0.000000 808.910311 0.000000 619.886262 446.748666 0.000000 0.000000 1.000000 619.886262 0.000000 808.910311 0.000000 619.886262 446.748666 0.000000 0.000000 1.000000 0.999284 0.004083 0.037607 0.084305 -0.004559 0.999911 0.012564 0.161426 -0.037552 -0.012727 0.999214 1.711021 0.000000 0.000000 0.000000 1.000000
datasets/GS/road/images/street_cam1/TIMELAPSE_0358.JPG datasets/GS/road/images/street_cam1/TIMELAPSE_0360.JPG 0 0 619.886262 0.000000 808.910311 0.000000 619.886262 446.748666 0.000000 0.000000 1.000000 619.886262 0.000000 808.910311 0.000000 619.886262 446.748666 0.000000 0.000000 1.000000 0.999687 0.017606 -0.017771 0.071492 -0.017236 0.999637 0.020726 0.153752 0.018130 -0.020413 0.999627 1.636908 0.000000 0.000000 0.000000 1.000000
datasets/GS/road/images/street_cam1/TIMELAPSE_0359.JPG datasets/GS/road/images/street_cam1/TIMELAPSE_0361.JPG 0 0 619.886262 0.000000 808.910311 0.000000 619.886262 446.748666 0.000000 0.000000 1.000000 619.886262 0.000000 808.910311 0.000000 619.886262 446.748666 0.000000 0.000000 1.000000 0.999848 0.001884 0.017343 0.004858 -0.001244 0.999321 -0.036813 0.119407 -0.017401 0.036786 0.999172 1.698433 0.000000 0.000000 0.000000 1.000000
datasets/GS/road/images/street_cam1/TIMELAPSE_0360.JPG datasets/GS/road/images/street_cam1/TIMELAPSE_0362.JPG 0 0 619.886262 0.000000 808.910311 0.000000 619.886262 446.748666 0.000000 0.000000 1.000000 619.886262 0.000000 808.910311 0.000000 619.886262 446.748666 0.000000 0.000000 1.000000 0.999631 -0.015676 0.022164 0.071164 0.015867 0.999838 -0.008496 0.124784 -0.022028 0.008845 0.999718 1.705474 0.000000 0.000000 0.000000 1.000000
datasets/GS/road/images/street_cam1/TIMELAPSE_0361.JPG datasets/GS/road/images/street_cam1/TIMELAPSE_0363.JPG 0 0 619.886262 0.000000 808.910311 0.000000 619.886262 446.748666 0.000000 0.000000 1.000000 619.886262 0.000000 808.910311 0.000000 619.886262 446.748666 0.000000 0.000000 1.000000 0.997937 0.010853 -0.063282 0.018806 -0.010799 0.999941 0.001183 0.113294 0.063291 -0.000498 0.997995 1.685157 0.000000 0.000000 0.000000 1.000000
datasets/GS/road/images/street_cam1/TIMELAPSE_0362.JPG datasets/GS/road/images/street_cam1/TIMELAPSE_0364.JPG 0 0 619.886262 0.000000 808.910311 0.000000 619.886262 446.748666 0.000000 0.000000 1.000000 619.886262 0.000000 808.910311 0.000000 619.886262 446.748666 0.000000 0.000000 1.000000 0.998733 0.002564 -0.050250 -0.003626 -0.000049 0.998751 0.049973 0.230428 0.050315 -0.049907 0.997486 1.669869 0.000000 0.000000 0.000000 1.000000
datasets/GS/road/images/street_cam1/TIMELAPSE_0363.JPG datasets/GS/road/images/street_cam1/TIMELAPSE_0365.JPG 0 0 619.886262 0.000000 808.910311 0.000000 619.886262 446.748666 0.000000 0.000000 1.000000 619.886262 0.000000 808.910311 0.000000 619.886262 446.748666 0.000000 0.000000 1.000000 0.997923 -0.007253 0.064010 0.022597 0.003505 0.998283 0.058467 0.180317 -0.064324 -0.058122 0.996235 1.664049 0.000000 0.000000 0.000000 1.000000
datasets/GS/road/images/street_cam1/TIMELAPSE_0364.JPG datasets/GS/road/images/street_cam1/TIMELAPSE_0366.JPG 0 0 619.886262 0.000000 808.910311 0.000000 619.886262 446.748666 0.000000 0.000000 1.000000 619.886262 0.000000 808.910311 0.000000 619.886262 446.748666 0.000000 0.000000 1.000000 0.999963 0.000476 -0.008601 -0.136135 -0.000474 1.000000 0.000221 0.220132 0.008601 -0.000217 0.999963 1.643011 0.000000 0.000000 0.000000 1.000000
datasets/GS/road/images/street_cam1/TIMELAPSE_0365.JPG datasets/GS/road/images/street_cam1/TIMELAPSE_0367.JPG 0 0 619.886262 0.000000 808.910311 0.000000 619.886262 446.748666 0.000000 0.000000 1.000000 619.886262 0.000000 808.910311 0.000000 619.886262 446.748666 0.000000 0.000000 1.000000 0.995130 -0.019431 -0.096641 -0.170091 0.022332 0.999329 0.029027 0.268725 0.096012 -0.031044 0.994896 1.647719 0.000000 0.000000 0.000000 1.000000
datasets/GS/road/images/street_cam1/TIMELAPSE_0366.JPG datasets/GS/road/images/street_cam1/TIMELAPSE_0368.JPG 0 0 619.886262 0.000000 808.910311 0.000000 619.886262 446.748666 0.000000 0.000000 1.000000 619.886262 0.000000 808.910311 0.000000 619.886262 446.748666 0.000000 0.000000 1.000000 0.999469 0.005572 0.032102 0.072155 -0.004664 0.999589 -0.028280 0.194554 -0.032246 0.028115 0.999084 1.701775 0.000000 0.000000 0.000000 1.000000
datasets/GS/road/images/street_cam1/TIMELAPSE_0367.JPG datasets/GS/road/images/street_cam1/TIMELAPSE_0369.JPG 0 0 619.886262 0.000000 808.910311 0.000000 619.886262 446.748666 0.000000 0.000000 1.000000 619.886262 0.000000 808.910311 0.000000 619.886262 446.748666 0.000000 0.000000 1.000000 0.999054 0.014121 0.041127 -0.004221 -0.012997 0.999538 -0.027470 0.219177 -0.041496 0.026909 0.998776 1.697526 0.000000 0.000000 0.000000 1.000000
datasets/GS/road/images/street_cam1/TIMELAPSE_0368.JPG datasets/GS/road/images/street_cam1/TIMELAPSE_0370.JPG 0 0 619.886262 0.000000 808.910311 0.000000 619.886262 446.748666 0.000000 0.000000 1.000000 619.886262 0.000000 808.910311 0.000000 619.886262 446.748666 0.000000 0.000000 1.000000 0.998396 -0.016152 -0.054268 -0.118209 0.019099 0.998346 0.054224 0.297851 0.053303 -0.055174 0.997053 1.682498 0.000000 0.000000 0.000000 1.000000
datasets/GS/road/images/street_cam1/TIMELAPSE_0369.JPG datasets/GS/road/images/street_cam1/TIMELAPSE_0371.JPG 0 0 619.886262 0.000000 808.910311 0.000000 619.886262 446.748666 0.000000 0.000000 1.000000 619.886262 0.000000 808.910311 0.000000 619.886262 446.748666 0.000000 0.000000 1.000000 0.999944 -0.009144 -0.005290 -0.024896 0.009052 0.999811 -0.017194 0.194389 0.005446 0.017145 0.999838 1.687402 0.000000 0.000000 0.000000 1.000000
datasets/GS/road/images/street_cam1/TIMELAPSE_0370.JPG datasets/GS/road/images/street_cam1/TIMELAPSE_0372.JPG 0 0 619.886262 0.000000 808.910311 0.000000 619.886262 446.748666 0.000000 0.000000 1.000000 619.886262 0.000000 808.910311 0.000000 619.886262 446.748666 0.000000 0.000000 1.000000 0.999984 0.004347 -0.003620 -0.055026 -0.004475 0.999342 -0.035999 0.206748 0.003461 0.036015 0.999345 1.647347 0.000000 0.000000 0.000000 1.000000
datasets/GS/road/images/street_cam1/TIMELAPSE_0371.JPG datasets/GS/road/images/street_cam1/TIMELAPSE_0373.JPG 0 0 619.886262 0.000000 808.910311 0.000000 619.886262 446.748666 0.000000 0.000000 1.000000 619.886262 0.000000 808.910311 0.000000 619.886262 446.748666 0.000000 0.000000 1.000000 0.999658 -0.015896 -0.020742 -0.130453 0.016872 0.998717 0.047751 0.256317 0.019957 -0.048085 0.998644 1.638583 0.000000 0.000000 0.000000 1.000000
datasets/GS/road/images/street_cam1/TIMELAPSE_0372.JPG datasets/GS/road/images/street_cam1/TIMELAPSE_0374.JPG 0 0 619.886262 0.000000 808.910311 0.000000 619.886262 446.748666 0.000000 0.000000 1.000000 619.886262 0.000000 808.910311 0.000000 619.886262 446.748666 0.000000 0.000000 1.000000 0.998650 0.005896 0.051607 0.016514 -0.006113 0.999973 0.004046 0.213074 -0.051581 -0.004356 0.998659 1.652996 0.000000 0.000000 0.000000 1.000000
datasets/GS/road/images/street_cam1/TIMELAPSE_0373.JPG datasets/GS/road/images/street_cam1/TIMELAPSE_0375.JPG 0 0 619.886262 0.000000 808.910311 0.000000 619.886262 446.748666 0.000000 0.000000 1.000000 619.886262 0.000000 808.910311 0.000000 619.886262 446.748666 0.000000 0.000000 1.000000 0.998809 0.035423 0.033549 0.061009 -0.034214 0.998767 -0.035971 0.221752 -0.034782 0.034780 0.998790 1.648069 0.000000 0.000000 0.000000 1.000000
datasets/GS/road/images/street_cam1/TIMELAPSE_0374.JPG datasets/GS/road/images/street_cam1/TIMELAPSE_0376.JPG 0 0 619.886262 0.000000 808.910311 0.000000 619.886262 446.748666 0.000000 0.000000 1.000000 619.886262 0.000000 808.910311 0.000000 619.886262 446.748666 0.000000 0.000000 1.000000 0.999933 0.010282 0.005248 0.083051 -0.010347 0.999867 0.012583 0.254689 -0.005118 -0.012636 0.999907 1.634950 0.000000 0.000000 0.000000 1.000000
datasets/GS/road/images/street_cam1/TIMELAPSE_0375.JPG datasets/GS/road/images/street_cam1/TIMELAPSE_0377.JPG 0 0 619.886262 0.000000 808.910311 0.000000 619.886262 446.748666 0.000000 0.000000 1.000000 619.886262 0.000000 808.910311 0.000000 619.886262 446.748666 0.000000 0.000000 1.000000 0.999790 -0.011711 0.016823 0.127632 0.012171 0.999548 -0.027492 0.167083 -0.016493 0.027691 0.999480 1.658188 0.000000 0.000000 0.000000 1.000000
datasets/GS/road/images/street_cam1/TIMELAPSE_0383.JPG datasets/GS/road/images/street_cam1/TIMELAPSE_0385.JPG 0 0 619.886262 0.000000 808.910311 0.000000 619.886262 446.748666 0.000000 0.000000 1.000000 619.886262 0.000000 808.910311 0.000000 619.886262 446.748666 0.000000 0.000000 1.000000 0.999231 0.028552 -0.026863 0.129721 -0.029485 0.998952 -0.034999 0.169486 0.025835 0.035764 0.999026 1.592584 0.000000 0.000000 0.000000 1.000000
datasets/GS/road/images/street_cam1/TIMELAPSE_0384.JPG datasets/GS/road/images/street_cam1/TIMELAPSE_0386.JPG 0 0 619.886262 0.000000 808.910311 0.000000 619.886262 446.748666 0.000000 0.000000 1.000000 619.886262 0.000000 808.910311 0.000000 619.886262 446.748666 0.000000 0.000000 1.000000 0.999751 0.021422 -0.006217 0.202592 -0.021460 0.999752 -0.006025 0.148130 0.006086 0.006157 0.999963 1.563899 0.000000 0.000000 0.000000 1.000000
datasets/GS/road/images/street_cam1/TIMELAPSE_0385.JPG datasets/GS/road/images/street_cam1/TIMELAPSE_0387.JPG 0 0 619.886262 0.000000 808.910311 0.000000 619.886262 446.748666 0.000000 0.000000 1.000000 619.886262 0.000000 808.910311 0.000000 619.886262 446.748666 0.000000 0.000000 1.000000 0.995296 -0.019951 -0.094803 0.042104 0.025272 0.998152 0.055253 0.206566 0.093526 -0.057389 0.993962 1.488670 0.000000 0.000000 0.000000 1.000000
datasets/GS/road/images/street_cam1/TIMELAPSE_0386.JPG datasets/GS/road/images/street_cam1/TIMELAPSE_0388.JPG 0 0 619.886262 0.000000 808.910311 0.000000 619.886262 446.748666 0.000000 0.000000 1.000000 619.886262 0.000000 808.910311 0.000000 619.886262 446.748666 0.000000 0.000000 1.000000 0.999049 -0.016485 -0.040354 0.085401 0.018489 0.998588 0.049810 0.237450 0.039476 -0.050509 0.997943 1.560935 0.000000 0.000000 0.000000 1.000000
datasets/GS/road/images/street_cam1/TIMELAPSE_0387.JPG datasets/GS/road/images/street_cam1/TIMELAPSE_0389.JPG 0 0 619.886262 0.000000 808.910311 0.000000 619.886262 446.748666 0.000000 0.000000 1.000000 619.886262 0.000000 808.910311 0.000000 619.886262 446.748666 0.000000 0.000000 1.000000 0.998343 -0.032851 0.047254 0.123437 0.033856 0.999214 -0.020631 0.204464 -0.046539 0.022197 0.998670 1.650748 0.000000 0.000000 0.000000 1.000000
datasets/GS/road/images/street_cam1/TIMELAPSE_0388.JPG datasets/GS/road/images/street_cam1/TIMELAPSE_0390.JPG 0 0 619.886262 0.000000 808.910311 0.000000 619.886262 446.748666 0.000000 0.000000 1.000000 619.886262 0.000000 808.910311 0.000000 619.886262 446.748666 0.000000 0.000000 1.000000 0.999900 -0.000289 0.014156 -0.022285 0.000532 0.999852 -0.017209 0.216024 -0.014149 0.017215 0.999752 1.613043 0.000000 0.000000 0.000000 1.000000
datasets/GS/road/images/street_cam1/TIMELAPSE_0389.JPG datasets/GS/road/images/street_cam1/TIMELAPSE_0391.JPG 0 0 619.886262 0.000000 808.910311 0.000000 619.886262 446.748666 0.000000 0.000000 1.000000 619.886262 0.000000 808.910311 0.000000 619.886262 446.748666 0.000000 0.000000 1.000000 0.999981 -0.001320 -0.006076 0.003735 0.001385 0.999942 0.010712 0.219444 0.006061 -0.010721 0.999924 1.602187 0.000000 0.000000 0.000000 1.000000
datasets/GS/road/images/street_cam1/TIMELAPSE_0390.JPG datasets/GS/road/images/street_cam1/TIMELAPSE_0392.JPG 0 0 619.886262 0.000000 808.910311 0.000000 619.886262 446.748666 0.000000 0.000000 1.000000 619.886262 0.000000 808.910311 0.000000 619.886262 446.748666 0.000000 0.000000 1.000000 0.999940 -0.010631 -0.002647 0.078384 0.010616 0.999928 -0.005679 0.199130 0.002707 0.005650 0.999980 1.636701 0.000000 0.000000 0.000000 1.000000
datasets/GS/road/images/street_cam1/TIMELAPSE_0391.JPG datasets/GS/road/images/street_cam1/TIMELAPSE_0393.JPG 0 0 619.886262 0.000000 808.910311 0.000000 619.886262 446.748666 0.000000 0.000000 1.000000 619.886262 0.000000 808.910311 0.000000 619.886262 446.748666 0.000000 0.000000 1.000000 0.999951 0.009879 0.001143 -0.000844 -0.009814 0.998822 -0.047513 0.133061 -0.001611 0.047499 0.998870 1.626231 0.000000 0.000000 0.000000 1.000000
datasets/GS/road/images/street_cam1/TIMELAPSE_0392.JPG datasets/GS/road/images/street_cam1/TIMELAPSE_0394.JPG 0 0 619.886262 0.000000 808.910311 0.000000 619.886262 446.748666 0.000000 0.000000 1.000000 619.886262 0.000000 808.910311 0.000000 619.886262 446.748666 0.000000 0.000000 1.000000 0.999867 -0.004755 0.015592 0.026217 0.004772 0.999988 -0.001076 0.224574 -0.015586 0.001150 0.999878 1.612890 0.000000 0.000000 0.000000 1.000000
datasets/GS/road/images/street_cam1/TIMELAPSE_0393.JPG datasets/GS/road/images/street_cam1/TIMELAPSE_0395.JPG 0 0 619.886262 0.000000 808.910311 0.000000 619.886262 446.748666 0.000000 0.000000 1.000000 619.886262 0.000000 808.910311 0.000000 619.886262 446.748666 0.000000 0.000000 1.000000 0.999741 0.001569 -0.022725 0.003701 -0.000660 0.999202 0.039945 0.192539 0.022770 -0.039920 0.998943 1.608202 0.000000 0.000000 0.000000 1.000000
datasets/GS/road/images/street_cam1/TIMELAPSE_0394.JPG datasets/GS/road/images/street_cam1/TIMELAPSE_0396.JPG 0 0 619.886262 0.000000 808.910311 0.000000 619.886262 446.748666 0.000000 0.000000 1.000000 619.886262 0.000000 808.910311 0.000000 619.886262 446.748666 0.000000 0.000000 1.000000 0.999738 0.022843 0.001674 -0.035447 -0.022806 0.999552 -0.019375 0.157375 -0.002116 0.019332 0.999811 1.604055 0.000000 0.000000 0.000000 1.000000
datasets/GS/road/images/street_cam1/TIMELAPSE_0395.JPG datasets/GS/road/images/street_cam1/TIMELAPSE_0397.JPG 0 0 619.886262 0.000000 808.910311 0.000000 619.886262 446.748666 0.000000 0.000000 1.000000 619.886262 0.000000 808.910311 0.000000 619.886262 446.748666 0.000000 0.000000 1.000000 0.999927 0.003900 0.011460 -0.036112 -0.003779 0.999937 -0.010566 0.196040 -0.011500 0.010522 0.999878 1.620026 0.000000 0.000000 0.000000 1.000000
datasets/GS/road/images/street_cam1/TIMELAPSE_0396.JPG datasets/GS/road/images/street_cam1/TIMELAPSE_0398.JPG 0 0 619.886262 0.000000 808.910311 0.000000 619.886262 446.748666 0.000000 0.000000 1.000000 619.886262 0.000000 808.910311 0.000000 619.886262 446.748666 0.000000 0.000000 1.000000 0.998252 -0.003992 -0.058974 0.007587 0.003845 0.999989 -0.002605 0.172008 0.058984 0.002374 0.998256 1.628973 0.000000 0.000000 0.000000 1.000000
datasets/GS/road/images/street_cam1/TIMELAPSE_0397.JPG datasets/GS/road/images/street_cam1/TIMELAPSE_0399.JPG 0 0 619.886262 0.000000 808.910311 0.000000 619.886262 446.748666 0.000000 0.000000 1.000000 619.886262 0.000000 808.910311 0.000000 619.886262 446.748666 0.000000 0.000000 1.000000 0.998977 -0.012060 -0.043584 -0.039275 0.010740 0.999480 -0.030396 0.134886 0.043928 0.029897 0.998587 1.615306 0.000000 0.000000 0.000000 1.000000
datasets/GS/road/images/street_cam1/TIMELAPSE_0398.JPG datasets/GS/road/images/street_cam1/TIMELAPSE_0400.JPG 0 0 619.886262 0.000000 808.910311 0.000000 619.886262 446.748666 0.000000 0.000000 1.000000 619.886262 0.000000 808.910311 0.000000 619.886262 446.748666 0.000000 0.000000 1.000000 0.999092 -0.026092 0.033693 0.073957 0.026522 0.999572 -0.012383 0.156832 -0.033356 0.013265 0.999355 1.643740 0.000000 0.000000 0.000000 1.000000
datasets/GS/road/images/street_cam1/TIMELAPSE_0399.JPG datasets/GS/road/images/street_cam1/TIMELAPSE_0401.JPG 0 0 619.886262 0.000000 808.910311 0.000000 619.886262 446.748666 0.000000 0.000000 1.000000 619.886262 0.000000 808.910311 0.000000 619.886262 446.748666 0.000000 0.000000 1.000000 0.999880 -0.001595 0.015420 0.024363 0.000899 0.998984 0.045066 0.207125 -0.015476 -0.045046 0.998865 1.667851 0.000000 0.000000 0.000000 1.000000
datasets/GS/road/images/street_cam1/TIMELAPSE_0400.JPG datasets/GS/road/images/street_cam1/TIMELAPSE_0402.JPG 0 0 619.886262 0.000000 808.910311 0.000000 619.886262 446.748666 0.000000 0.000000 1.000000 619.886262 0.000000 808.910311 0.000000 619.886262 446.748666 0.000000 0.000000 1.000000 0.999861 0.016457 0.002810 -0.079146 -0.016499 0.999741 0.015656 0.164097 -0.002552 -0.015700 0.999874 1.646731 0.000000 0.000000 0.000000 1.000000
datasets/GS/road/images/street_cam1/TIMELAPSE_0401.JPG datasets/GS/road/images/street_cam1/TIMELAPSE_0403.JPG 0 0 619.886262 0.000000 808.910311 0.000000 619.886262 446.748666 0.000000 0.000000 1.000000 619.886262 0.000000 808.910311 0.000000 619.886262 446.748666 0.000000 0.000000 1.000000 0.999782 0.000128 0.020896 -0.046000 0.000707 0.999200 -0.039975 0.162229 -0.020884 0.039981 0.998982 1.649096 0.000000 0.000000 0.000000 1.000000
datasets/GS/road/images/street_cam1/TIMELAPSE_0402.JPG datasets/GS/road/images/street_cam1/TIMELAPSE_0404.JPG 0 0 619.886262 0.000000 808.910311 0.000000 619.886262 446.748666 0.000000 0.000000 1.000000 619.886262 0.000000 808.910311 0.000000 619.886262 446.748666 0.000000 0.000000 1.000000 0.999671 -0.014007 -0.021500 0.016370 0.013495 0.999627 -0.023760 0.152779 0.021825 0.023462 0.999486 1.724282 0.000000 0.000000 0.000000 1.000000
datasets/GS/road/images/street_cam1/TIMELAPSE_0403.JPG datasets/GS/road/images/street_cam1/TIMELAPSE_0405.JPG 0 0 619.886262 0.000000 808.910311 0.000000 619.886262 446.748666 0.000000 0.000000 1.000000 619.886262 0.000000 808.910311 0.000000 619.886262 446.748666 0.000000 0.000000 1.000000 0.999881 -0.001384 -0.015385 -0.097111 0.001278 0.999976 -0.006849 0.141523 0.015394 0.006829 0.999858 1.727091 0.000000 0.000000 0.000000 1.000000
datasets/GS/road/images/street_cam1/TIMELAPSE_0404.JPG datasets/GS/road/images/street_cam1/TIMELAPSE_0406.JPG 0 0 619.886262 0.000000 808.910311 0.000000 619.886262 446.748666 0.000000 0.000000 1.000000 619.886262 0.000000 808.910311 0.000000 619.886262 446.748666 0.000000 0.000000 1.000000 0.999855 -0.005546 0.016100 -0.061879 0.005590 0.999981 -0.002727 0.137719 -0.016084 0.002817 0.999867 1.707267 0.000000 0.000000 0.000000 1.000000
