# Frame list with one line of data per frame:
#   FRAME_ID, RIG_ID, RIG_FROM_WORLD[QW, QX, QY, QZ, TX, TY, TZ], NUM_DATA_IDS, DATA_IDS[] as (SENSOR_TYPE, SENSOR_ID, DATA_ID)
# Number of frames: 14
1 1 0.97644043052629692 -0.033275195088492839 -0.21218331913447178 0.020858717758331386 1.1411747640948486 -0.78373400905449986 -6.2539959875236049 1 CAMERA 1 1
2 1 0.97628101520411736 -0.031668638448912254 -0.21301809721984694 0.022265824656766301 1.0964894766762261 -0.7853061566396341 -6.2395757427393361 1 CAMERA 1 2
3 1 0.97519990677133217 -0.034031024062728142 -0.21759673911410862 0.021878993608793501 1.1184205795849973 -0.79688617459280453 -6.2307433316687195 1 CAMERA 1 3
4 1 0.97402518023747409 -0.035936794756262387 -0.22243890886483159 0.022459449437273425 1.1220581252394424 -0.79229865252017007 -5.9954260592141111 1 CAMERA 1 4
5 1 0.97406773154212878 -0.034045888412964895 -0.22264996976689258 0.021445811090869977 0.94278848108654001 -0.60602173259091363 -4.1357120322326715 1 CAMERA 1 5
6 1 0.97488318109582095 -0.013706508604655686 -0.22099307091614873 0.024020354814477604 0.74998202252813573 0.24639877499230919 2.3302054443672349 1 CAMERA 1 6
7 1 0.97640842362082181 -0.013913140599823287 -0.21428179650692275 0.02272281863495659 0.51134996085473383 0.18231684578783544 3.0405964410685709 1 CAMERA 1 7
8 1 0.97794426596843342 -0.010779980402238203 -0.20747710260694913 0.02149550129247477 0.27224953090211024 0.2750321655347529 3.1112052639703345 1 CAMERA 1 8
9 1 0.97948006980744762 -0.0090274129753187618 -0.20024605731738943 0.02094791621645295 -0.021074300912990909 0.2964800030551894 3.0917818850953234 1 CAMERA 1 9
10 1 0.98022343997371009 -0.0098590689643384029 -0.19647046492748871 0.021544440035412019 -0.16716739419032808 0.18149152648267797 3.1178815240096029 1 CAMERA 1 10
11 1 0.98110014794253242 -0.0076993706125668675 -0.19218058227234541 0.021209507226095783 -0.36061378811214773 0.25157684746143283 3.15839463299044 1 CAMERA 1 11
12 1 0.98242870330124688 -0.006477747992630351 -0.18539217275475409 0.020533484654243345 -0.66613465873928612 0.29229070800853929 3.2164360745185703 1 CAMERA 1 12
13 1 0.98263370432898489 -0.0063967317757344516 -0.18438960937920015 0.0197625122965784 -0.63049764570203715 0.28906626140390024 3.2132440018956223 1 CAMERA 1 13
36 1 0.99902512290902801 -0.012607781300360422 -0.040296473424282969 -0.012885723761198441 -4.1282011005259189 0.48222836369132255 4.1311161963853715 1 CAMERA 1 36
