# Frame list with one line of data per frame:
#   FRAME_ID, RIG_ID, RIG_FROM_WORLD[QW, QX, QY, QZ, TX, TY, TZ], NUM_DATA_IDS, DATA_IDS[] as (SENSOR_TYPE, SENSOR_ID, DATA_ID)
# Number of frames: 11
25 1 0.99100481244337035 -0.015692340343005467 -0.13188017487924003 0.016456963342638537 8.0980034237763405 0.23024793633358698 -0.68516994570242629 1 CAMERA 1 25
26 1 0.9776224741892946 -0.019899029822930819 -0.20756884196068925 0.027811911462652661 5.4452488208171692 -0.21449496556750763 -0.71902842225133368 1 CAMERA 1 26
27 1 0.99573831137399504 -0.020340893632342434 -0.087210405544308672 0.022041063338683685 3.5276691379915834 0.423140506211928 2.5668099404863565 1 CAMERA 1 27
28 1 0.99725742444983279 -0.018161117690758632 -0.071382182850579151 0.0072378971666616342 0.67667307301867907 -0.37664639366185099 -2.4373027952887694 1 CAMERA 1 28
29 1 0.997896409834644 -0.020864730640255732 -0.060326799030281909 0.011317931489354534 -0.12154384681525117 0.14981630296499113 0.7864178476224023 1 CAMERA 1 29
30 1 0.99833367370251602 -0.022060022562669458 -0.051569192956293038 0.013559118482019798 -0.21043620689771556 0.071314570265257893 0.35886923356120348 1 CAMERA 1 30
31 1 0.99871766712516052 -0.021919962925377311 -0.044319695107189229 0.010876636568043871 -0.24490355114000495 0.096117442038415726 0.4989973783846422 1 CAMERA 1 31
32 1 0.99893549453015495 -0.022230793266668644 -0.040003157022672237 0.0057807462103843087 -0.23384123701630094 0.070555813559697381 0.34416866565941101 1 CAMERA 1 32
33 1 0.99919881822457546 -0.020573218539317161 -0.032707442163968939 0.010425332830941722 -4.4682551693904351 0.17377348580690097 1.6069731426847076 1 CAMERA 1 33
34 1 0.99906618120306512 -0.021177456953817248 -0.034342612285063016 -0.015455286303765527 -4.2020799052066087 0.053241165143405655 0.41844011294690564 1 CAMERA 1 34
35 1 0.99909275703857825 -0.02011602197768847 -0.032982064416958029 -0.017921828021753208 -4.1888793756617764 0.058525381315255427 0.34454015633526419 1 CAMERA 1 35
