# 3D point list with one line of data per point:
#   POINT3D_ID, X, Y, Z, R, G, B, ERROR, TRACK[] as (IMAGE_ID, POINT2D_IDX)
# Number of points: 29, mean track length: 2.4827586206896552
60 22.015993116851813 5.2909294621150496 107.72138979684901 250 228 222 0.0058677817149044038 25 833 33 1423
818 15.529493798593982 8.7023193682474176 66.892529248032645 94 85 155 0.023841668360438755 25 1897 27 1739
944 -2.9813736916835007 0.89935353628866377 15.902536618401641 202 193 162 0.0012569882809843815 25 1023 27 2454
1885 -3.7639136364547543 0.69905937373341964 5.0138768387614832 134 124 116 0.015131628638669761 27 1604 26 2608
1959 -0.47744818845165882 3.8447335648593257 30.27672322519005 140 131 121 0.0061838295067452751 27 1614 28 1662
2104 -17.114117546148353 15.209811810512772 126.68087134564607 0 0 0 0.018772372446487693 27 3987 29 3939 28 4153
2408 -0.38610662748095881 0.56068593771586905 4.6153003175684084 145 145 139 0.80395990039089171 30 4845 29 4016
2409 -0.2201727265014414 0.31399285121082765 2.6182768385898889 88 75 79 0.53810160589609657 29 4041 30 4856
2410 0.22470609661257418 -0.022526790802185948 -0.10412294011226353 128 109 162 0.10617273799077753 29 4227 30 5089
2641 -8.3021137779892964 6.5267118732885141 54.348615241357955 106 104 100 0.0073761904276274087 27 2965 31 4969
2750 0.22767126350160244 0.0129409490754357 0.16253710425175971 0 0 0 0.021845379586176748 30 3017 31 3085 32 2871
2772 0.05181863235329634 -0.023686283343081829 0.3538086423417186 122 105 167 0.015659885322106566 30 5581 32 4066
2784 -0.74822698688822253 1.2106644508787594 9.8569556511766248 113 102 102 0.0050847853556632763 28 4182 32 6553
2806 0.16869766062063477 -0.026622626198427479 -0.11219019452598444 255 252 228 0.047105713506547187 31 6418 32 6533
2853 0.17378448720171399 -0.032123183287077514 -0.15664345038013672 0 0 0 0.075136628330409586 31 2955 32 2677
2854 3.076313412026586 1.7220538780594101 12.741377403215834 104 91 86 0.14233585249945457 29 2422 33 2729 35 2864
2855 14.088155350607622 6.5378738527101365 49.273046326481143 253 245 255 0.039022215110030588 32 2916 33 2780
2920 0.16372396952597346 -0.024294271237384077 -0.092406448681045861 0 0 0 0.061121358778563312 31 6416 32 6526
3065 3.0715530422757107 1.3130631559129731 32.699650478987493 22 154 122 0.13865628781054756 26 5154 34 5483 33 3862 35 3856
3157 6.682430708028229 2.3642527934527582 25.144939235176679 145 120 103 0.25861046790762043 31 4603 35 4319 34 4092 30 2132
3158 12.527823943681396 10.478636932008669 78.826347048889218 253 250 245 0.26125031200373794 31 5242 35 5084 32 5196
3159 12.527823943681396 10.478636932008669 78.826347048889218 253 250 245 0.26125031200373794 31 5241 35 5085 32 5195
3169 4.1558368273163522 0.11080842159505708 -0.61691283182457746 76 76 89 0.0086114305965984579 34 7910 35 7951
3174 1.7092201236950277 2.4164783051303238 20.2407046961176 0 0 0 0.031880366329895063 30 2605 34 4555
3180 6.4437210286959328 6.0187429194283286 44.607468833826417 114 105 94 0.44189323586519064 31 6531 35 7211 32 6670
3181 -0.29684580198487587 1.1684730080896684 8.7425732954260962 0 0 0 0.0028578737641249703 26 4758 27 4100
3185 0.3664388655594385 0.041276834623980463 0.38623820447245832 0 0 0 0.15538490609381317 29 2424 30 3048
3186 -0.24766823988438572 0.31081877644023892 2.6846223235212716 0 0 0 0.16360564691948154 29 6069 30 7029
3189 4.8089574653724183 2.154403456457322 27.757701190328639 209 200 190 0.89905040406831194 31 4364 35 4187 30 4108 34 3980 29 3462 32 6095
